0 0.286932 0.058333 0.071023 0.104167
1 0.022017 0.481250 0.042614 0.116667
0 0.526989 0.922917 0.068182 0.100000
0 0.569602 0.483333 0.076705 0.112500
0 0.896307 0.116667 0.073864 0.108333
0 0.173295 0.589583 0.059659 0.087500
0 0.291193 0.785417 0.056818 0.083333
0 0.147727 0.245833 0.082386 0.120833
0 0.823864 0.937500 0.073864 0.108333
0 0.600852 0.727083 0.071023 0.104167
1 0.021307 0.266667 0.041193 0.087500
0 0.559659 0.125000 0.073864 0.108333
0 0.360795 0.545833 0.059659 0.087500
0 0.609375 0.300000 0.065341 0.095833
0 0.680398 0.714583 0.065341 0.095833
1 0.203125 0.032292 0.082386 0.062500
0 0.911932 0.633333 0.068182 0.100000
1 0.049716 0.056250 0.079545 0.110417
0 0.863636 0.212500 0.062500 0.091667
1 0.420455 0.966667 0.059659 0.066667
