1 0.036932 0.222917 0.072443 0.112500
0 0.356534 0.116667 0.076705 0.112500
0 0.795455 0.739583 0.068182 0.100000
0 0.460227 0.881250 0.073864 0.108333
0 0.630682 0.241667 0.076705 0.112500
0 0.411932 0.787500 0.071023 0.104167
1 0.725852 0.956250 0.082386 0.087500
0 0.474432 0.708333 0.073864 0.108333
0 0.936080 0.568750 0.076705 0.112500
0 0.313920 0.416667 0.073864 0.108333
0 0.433239 0.541667 0.062500 0.091667
0 0.424716 0.406250 0.068182 0.100000
1 0.366477 0.025000 0.065341 0.047917
0 0.632102 0.614583 0.079545 0.116667
0 0.224432 0.581250 0.068182 0.100000
0 0.568182 0.483333 0.059659 0.087500
0 0.187500 0.714583 0.068182 0.100000
0 0.714489 0.591667 0.076705 0.112500
0 0.251420 0.910417 0.076705 0.112500
1 0.592330 0.053125 0.079545 0.104167
