0 0.653409 0.916667 0.076705 0.112500
0 0.664773 0.297917 0.076705 0.112500
0 0.819602 0.935417 0.065341 0.095833
0 0.326705 0.500000 0.059659 0.087500
0 0.818182 0.306250 0.082386 0.120833
0 0.245739 0.116667 0.062500 0.091667
0 0.393466 0.389583 0.073864 0.108333
1 0.751420 0.955208 0.076705 0.089583
0 0.217330 0.893750 0.082386 0.120833
0 0.960227 0.254167 0.065341 0.095833
0 0.237216 0.456250 0.082386 0.120833
0 0.116477 0.852083 0.073864 0.108333
0 0.095170 0.354167 0.071023 0.104167
0 0.238636 0.225000 0.065341 0.095833
0 0.230114 0.620833 0.062500 0.091667
0 0.953125 0.462500 0.079545 0.116667
0 0.759943 0.668750 0.068182 0.100000
0 0.377841 0.160417 0.073864 0.108333
1 0.187500 0.053125 0.076705 0.104167
0 0.157670 0.568750 0.068182 0.100000
