0 0.595170 0.543750 0.056818 0.083333
0 0.519886 0.195833 0.082386 0.120833
0 0.164773 0.460417 0.082386 0.120833
0 0.454545 0.845833 0.079545 0.116667
1 0.697443 0.029167 0.059659 0.056250
0 0.833807 0.318750 0.068182 0.100000
1 0.981534 0.745833 0.036932 0.104167
0 0.078125 0.245833 0.071023 0.104167
1 0.978693 0.581250 0.042614 0.108333
1 0.030540 0.039583 0.059659 0.077083
1 0.031250 0.697917 0.061080 0.095833
0 0.450284 0.606250 0.068182 0.100000
0 0.845170 0.889583 0.065341 0.095833
1 0.961648 0.959375 0.076705 0.081250
0 0.691761 0.575000 0.082386 0.120833
0 0.457386 0.385417 0.065341 0.095833
0 0.919034 0.472917 0.076705 0.112500
0 0.670455 0.825000 0.065341 0.095833
1 0.017756 0.812500 0.034091 0.095833
1 0.975142 0.379167 0.049716 0.116667
