0 0.609375 0.116667 0.068182 0.100000
0 0.708807 0.827083 0.079545 0.116667
0 0.556818 0.295833 0.068182 0.100000
0 0.839489 0.512500 0.056818 0.083333
0 0.305398 0.210417 0.082386 0.120833
0 0.332386 0.600000 0.056818 0.083333
0 0.704545 0.320833 0.076705 0.112500
0 0.298295 0.485417 0.082386 0.120833
1 0.982955 0.038542 0.034091 0.075000
0 0.132102 0.579167 0.079545 0.116667
0 0.667614 0.558333 0.082386 0.120833
0 0.471591 0.481250 0.073864 0.108333
0 0.920455 0.247917 0.059659 0.087500
1 0.275568 0.946875 0.073864 0.106250
0 0.265625 0.718750 0.059659 0.087500
0 0.048295 0.806250 0.082386 0.120833
1 0.023438 0.943750 0.045455 0.095833
1 0.454545 0.961458 0.079545 0.077083
1 0.981534 0.960417 0.036932 0.079167
0 0.490057 0.233333 0.062500 0.091667
