0 0.767045 0.239583 0.068182 0.100000
0 0.086648 0.381250 0.079545 0.116667
0 0.653409 0.118750 0.059659 0.087500
0 0.941761 0.454167 0.068182 0.100000
0 0.771307 0.066667 0.076705 0.112500
0 0.063920 0.577083 0.065341 0.095833
1 0.970881 0.845833 0.058239 0.104167
1 0.647727 0.978125 0.056818 0.043750
0 0.819602 0.554167 0.059659 0.087500
0 0.697443 0.281250 0.073864 0.108333
1 0.433239 0.043750 0.062500 0.085417
0 0.261364 0.820833 0.062500 0.091667
0 0.254261 0.516667 0.059659 0.087500
0 0.428977 0.495833 0.079545 0.116667
0 0.863636 0.633333 0.056818 0.083333
0 0.488636 0.304167 0.082386 0.120833
1 0.973011 0.969792 0.053977 0.060417
0 0.752841 0.866667 0.082386 0.120833
0 0.873580 0.383333 0.065341 0.095833
0 0.110795 0.260417 0.065341 0.095833
