0 0.903409 0.610417 0.068182 0.100000
0 0.052557 0.850000 0.062500 0.091667
0 0.870739 0.766667 0.059659 0.087500
0 0.359375 0.464583 0.062500 0.091667
0 0.305398 0.829167 0.056818 0.083333
0 0.788352 0.062500 0.065341 0.095833
0 0.625000 0.504167 0.071023 0.104167
0 0.359375 0.650000 0.065341 0.095833
0 0.088068 0.343750 0.071023 0.104167
0 0.191761 0.083333 0.059659 0.087500
0 0.201705 0.256250 0.073864 0.108333
0 0.758523 0.650000 0.079545 0.116667
0 0.186080 0.604167 0.065341 0.095833
0 0.063920 0.097917 0.068182 0.100000
0 0.582386 0.256250 0.082386 0.120833
0 0.066761 0.943750 0.059659 0.087500
0 0.724432 0.262500 0.068182 0.100000
0 0.603693 0.950000 0.056818 0.083333
0 0.187500 0.733333 0.056818 0.083333
0 0.857955 0.431250 0.065341 0.095833
