1 0.056818 0.041667 0.082386 0.081250
1 0.514205 0.972917 0.065341 0.054167
0 0.836648 0.433333 0.056818 0.083333
0 0.102273 0.929167 0.082386 0.120833
0 0.919034 0.747917 0.059659 0.087500
0 0.961648 0.352083 0.076705 0.112500
0 0.163352 0.702083 0.065341 0.095833
0 0.315341 0.716667 0.082386 0.120833
0 0.676136 0.797917 0.076705 0.112500
0 0.383523 0.652083 0.079545 0.116667
0 0.223011 0.620833 0.073864 0.108333
1 0.434659 0.033333 0.062500 0.064583
0 0.214489 0.183333 0.073864 0.108333
0 0.808239 0.852083 0.082386 0.120833
0 0.545455 0.395833 0.056818 0.083333
0 0.659091 0.641667 0.082386 0.120833
0 0.930398 0.122917 0.076705 0.112500
0 0.234375 0.331250 0.068182 0.100000
0 0.710227 0.350000 0.068182 0.100000
0 0.551136 0.525000 0.068182 0.100000
