0 0.056818 0.654167 0.065341 0.095833
0 0.426136 0.089583 0.062500 0.091667
0 0.288352 0.712500 0.076705 0.112500
0 0.892045 0.527083 0.059659 0.087500
1 0.296875 0.054167 0.082386 0.106250
1 0.034091 0.941667 0.066761 0.112500
0 0.951705 0.187500 0.056818 0.083333
0 0.687500 0.272917 0.059659 0.087500
0 0.259943 0.477083 0.079545 0.116667
0 0.660511 0.364583 0.073864 0.108333
0 0.417614 0.577083 0.056818 0.083333
1 0.455966 0.947917 0.071023 0.104167
0 0.349432 0.485417 0.079545 0.116667
0 0.792614 0.060417 0.068182 0.100000
0 0.745739 0.443750 0.073864 0.108333
0 0.110795 0.212500 0.065341 0.095833
0 0.830966 0.270833 0.071023 0.104167
0 0.349432 0.187500 0.071023 0.104167
0 0.686080 0.112500 0.068182 0.100000
0 0.565341 0.627083 0.079545 0.116667
