1 0.629261 0.030208 0.068182 0.058333
0 0.666193 0.518750 0.076705 0.112500
0 0.950284 0.520833 0.056818 0.083333
0 0.380682 0.152083 0.071023 0.104167
1 0.325284 0.960417 0.082386 0.079167
0 0.393466 0.389583 0.082386 0.120833
0 0.303977 0.366667 0.082386 0.120833
0 0.095170 0.593750 0.073864 0.108333
0 0.920455 0.768750 0.062500 0.091667
0 0.440341 0.716667 0.076705 0.112500
0 0.169034 0.750000 0.071023 0.104167
1 0.129261 0.048958 0.071023 0.095833
0 0.312500 0.195833 0.059659 0.087500
0 0.839489 0.560417 0.076705 0.112500
1 0.019176 0.306250 0.036932 0.095833
0 0.566761 0.572917 0.065341 0.095833
0 0.211648 0.214583 0.065341 0.095833
0 0.747159 0.456250 0.079545 0.116667
0 0.681818 0.927083 0.059659 0.087500
0 0.946023 0.077083 0.071023 0.104167
