1 0.026278 0.706250 0.051136 0.108333
1 0.751420 0.959375 0.076705 0.081250
0 0.187500 0.104167 0.056818 0.083333
0 0.850852 0.612500 0.059659 0.087500
1 0.030540 0.172917 0.059659 0.108333
0 0.649148 0.845833 0.065341 0.095833
0 0.542614 0.491667 0.073864 0.108333
1 0.546875 0.966667 0.062500 0.066667
0 0.223011 0.497917 0.082386 0.120833
0 0.578125 0.343750 0.056818 0.083333
1 0.029119 0.560417 0.056818 0.108333
0 0.830966 0.904167 0.076705 0.112500
1 0.025568 0.943750 0.049716 0.095833
0 0.669034 0.358333 0.076705 0.112500
0 0.720170 0.608333 0.073864 0.108333
0 0.174716 0.208333 0.056818 0.083333
0 0.636364 0.712500 0.076705 0.112500
0 0.122159 0.335417 0.071023 0.104167
0 0.616477 0.152083 0.062500 0.091667
0 0.366477 0.929167 0.082386 0.120833
