0 0.602273 0.260417 0.082386 0.120833
0 0.386364 0.616667 0.082386 0.120833
0 0.186080 0.500000 0.062500 0.091667
0 0.323864 0.056250 0.073864 0.108333
0 0.880682 0.575000 0.065341 0.095833
0 0.876420 0.187500 0.073864 0.108333
0 0.309659 0.639583 0.056818 0.083333
0 0.319602 0.293750 0.062500 0.091667
0 0.948864 0.385417 0.079545 0.116667
1 0.771307 0.951042 0.079545 0.097917
0 0.157670 0.325000 0.059659 0.087500
0 0.103693 0.531250 0.068182 0.100000
0 0.822443 0.506250 0.076705 0.112500
0 0.056818 0.297917 0.062500 0.091667
0 0.223011 0.756250 0.071023 0.104167
0 0.522727 0.664583 0.056818 0.083333
0 0.413352 0.116667 0.079545 0.116667
1 0.028409 0.077083 0.055398 0.091667
1 0.029830 0.889583 0.058239 0.091667
0 0.551136 0.758333 0.068182 0.100000
