0 0.208807 0.477083 0.071023 0.104167
0 0.833807 0.781250 0.079545 0.116667
0 0.620739 0.066667 0.056818 0.083333
1 0.982244 0.172917 0.035511 0.083333
0 0.609375 0.320833 0.076705 0.112500
0 0.339489 0.800000 0.062500 0.091667
0 0.948864 0.779167 0.073864 0.108333
0 0.943182 0.341667 0.071023 0.104167
0 0.509943 0.350000 0.059659 0.087500
0 0.356534 0.520833 0.068182 0.100000
0 0.836648 0.341667 0.076705 0.112500
0 0.813920 0.597917 0.076705 0.112500
1 0.026278 0.485417 0.051136 0.095833
1 0.977983 0.429167 0.044034 0.116667
0 0.654830 0.420833 0.071023 0.104167
0 0.401989 0.925000 0.079545 0.116667
0 0.961648 0.656250 0.073864 0.108333
1 0.813920 0.972917 0.065341 0.054167
1 0.444602 0.033333 0.065341 0.064583
0 0.272727 0.152083 0.056818 0.083333
