0 0.642045 0.618750 0.062500 0.091667
0 0.592330 0.112500 0.073864 0.108333
0 0.106534 0.479167 0.059659 0.087500
1 0.830966 0.961458 0.071023 0.077083
0 0.582386 0.320833 0.073864 0.108333
0 0.214489 0.166667 0.062500 0.091667
0 0.254261 0.416667 0.073864 0.108333
0 0.066761 0.335417 0.076705 0.112500
0 0.602273 0.814583 0.059659 0.087500
0 0.133523 0.385417 0.059659 0.087500
0 0.828125 0.412500 0.082386 0.120833
0 0.843750 0.756250 0.073864 0.108333
0 0.497159 0.877083 0.082386 0.120833
1 0.616477 0.956250 0.068182 0.087500
0 0.772727 0.237500 0.056818 0.083333
0 0.923295 0.145833 0.079545 0.116667
1 0.937500 0.040625 0.079545 0.079167
0 0.545455 0.454167 0.071023 0.104167
0 0.414773 0.541667 0.076705 0.112500
0 0.453125 0.427083 0.073864 0.108333
