0 0.335227 0.152083 0.071023 0.104167
0 0.720170 0.220833 0.082386 0.120833
0 0.585227 0.495833 0.056818 0.083333
0 0.775568 0.679167 0.068182 0.100000
0 0.069602 0.662500 0.082386 0.120833
0 0.234375 0.108333 0.056818 0.083333
0 0.151989 0.141667 0.071023 0.104167
0 0.576705 0.625000 0.082386 0.120833
0 0.184659 0.725000 0.079545 0.116667
1 0.036932 0.816667 0.072443 0.116667
0 0.427557 0.208333 0.073864 0.108333
0 0.403409 0.597917 0.068182 0.100000
1 0.926136 0.041667 0.059659 0.081250
0 0.205966 0.447917 0.079545 0.116667
0 0.447443 0.472917 0.073864 0.108333
0 0.724432 0.768750 0.076705 0.112500
0 0.511364 0.718750 0.068182 0.100000
0 0.089489 0.470833 0.076705 0.112500
1 0.281250 0.026042 0.059659 0.050000
1 0.458807 0.054167 0.073864 0.106250
