0 0.788352 0.529167 0.073864 0.108333
0 0.798295 0.764583 0.065341 0.095833
0 0.420455 0.708333 0.079545 0.116667
0 0.669034 0.447917 0.059659 0.087500
0 0.774148 0.241667 0.062500 0.091667
0 0.548295 0.264583 0.059659 0.087500
0 0.856534 0.056250 0.065341 0.095833
1 0.972301 0.941667 0.055398 0.112500
0 0.522727 0.106250 0.079545 0.116667
0 0.893466 0.377083 0.056818 0.083333
0 0.869318 0.472917 0.082386 0.120833
0 0.309659 0.752083 0.065341 0.095833
0 0.428977 0.241667 0.082386 0.120833
0 0.654830 0.325000 0.082386 0.120833
0 0.215909 0.429167 0.068182 0.100000
0 0.173295 0.595833 0.071023 0.104167
0 0.109375 0.833333 0.065341 0.095833
0 0.710227 0.227083 0.062500 0.091667
0 0.125000 0.689583 0.073864 0.108333
0 0.866477 0.622917 0.076705 0.112500
