1 0.357955 0.957292 0.076705 0.085417
0 0.954545 0.262500 0.068182 0.100000
0 0.799716 0.547917 0.056818 0.083333
0 0.737216 0.072917 0.073864 0.108333
0 0.086648 0.797917 0.062500 0.091667
0 0.592330 0.106250 0.079545 0.116667
0 0.833807 0.164583 0.082386 0.120833
0 0.879261 0.737500 0.071023 0.104167
0 0.279830 0.464583 0.059659 0.087500
1 0.457386 0.054167 0.076705 0.106250
0 0.444602 0.697917 0.056818 0.083333
0 0.299716 0.245833 0.059659 0.087500
0 0.360795 0.516667 0.071023 0.104167
0 0.863636 0.452083 0.068182 0.100000
0 0.806818 0.293750 0.079545 0.116667
0 0.875000 0.602083 0.073864 0.108333
0 0.906250 0.108333 0.079545 0.116667
0 0.654830 0.356250 0.059659 0.087500
0 0.595170 0.275000 0.056818 0.083333
1 0.960227 0.647917 0.079545 0.116667
