0 0.697443 0.875000 0.059659 0.087500
0 0.822443 0.668750 0.056818 0.083333
0 0.360795 0.541667 0.079545 0.116667
0 0.215909 0.579167 0.062500 0.091667
0 0.271307 0.462500 0.065341 0.095833
0 0.640625 0.325000 0.065341 0.095833
0 0.930398 0.070833 0.082386 0.120833
1 0.775568 0.963542 0.056818 0.072917
0 0.761364 0.220833 0.068182 0.100000
0 0.907670 0.337500 0.056818 0.083333
0 0.873580 0.768750 0.065341 0.095833
0 0.420455 0.747917 0.062500 0.091667
0 0.453125 0.077083 0.071023 0.104167
0 0.431818 0.595833 0.068182 0.100000
0 0.774148 0.060417 0.062500 0.091667
0 0.751420 0.693750 0.076705 0.112500
0 0.759943 0.854167 0.068182 0.100000
1 0.025568 0.533333 0.049716 0.120833
1 0.971591 0.245833 0.056818 0.091667
0 0.394886 0.258333 0.076705 0.112500
