1 0.039773 0.881250 0.078125 0.116667
0 0.203125 0.718750 0.076705 0.112500
0 0.355114 0.837500 0.079545 0.116667
1 0.171875 0.039583 0.062500 0.077083
0 0.708807 0.222917 0.068182 0.100000
0 0.592330 0.875000 0.071023 0.104167
0 0.603693 0.500000 0.071023 0.104167
0 0.845170 0.808333 0.065341 0.095833
1 0.016335 0.641667 0.031250 0.083333
0 0.549716 0.279167 0.079545 0.116667
0 0.420455 0.250000 0.071023 0.104167
0 0.677557 0.614583 0.056818 0.083333
0 0.894886 0.652083 0.076705 0.112500
1 0.139205 0.964583 0.065341 0.070833
0 0.698864 0.450000 0.082386 0.120833
0 0.500000 0.627083 0.082386 0.120833
0 0.775568 0.268750 0.056818 0.083333
0 0.340909 0.450000 0.071023 0.104167
0 0.774148 0.095833 0.062500 0.091667
0 0.264205 0.418750 0.065341 0.095833
