0 0.927557 0.762500 0.071023 0.104167
0 0.808239 0.497917 0.071023 0.104167
0 0.794034 0.179167 0.079545 0.116667
0 0.302557 0.168750 0.082386 0.120833
0 0.951705 0.587500 0.068182 0.100000
0 0.909091 0.191667 0.079545 0.116667
0 0.711648 0.483333 0.079545 0.116667
0 0.242898 0.606250 0.056818 0.083333
0 0.362216 0.491667 0.082386 0.120833
0 0.809659 0.845833 0.068182 0.100000
1 0.548295 0.962500 0.071023 0.075000
0 0.296875 0.402083 0.076705 0.112500
0 0.227273 0.910417 0.073864 0.108333
0 0.055398 0.097917 0.079545 0.116667
0 0.646307 0.375000 0.079545 0.116667
0 0.830966 0.691667 0.076705 0.112500
1 0.981534 0.965625 0.036932 0.068750
0 0.330966 0.866667 0.082386 0.120833
1 0.037642 0.775000 0.073864 0.116667
0 0.167614 0.508333 0.076705 0.112500
