0 0.181818 0.239583 0.076705 0.112500
0 0.562500 0.941667 0.062500 0.091667
0 0.115057 0.585417 0.079545 0.116667
0 0.500000 0.954167 0.062500 0.091667
0 0.163352 0.118750 0.065341 0.095833
1 0.447443 0.046875 0.082386 0.091667
0 0.399148 0.881250 0.062500 0.091667
0 0.526989 0.672917 0.076705 0.112500
1 0.250000 0.043750 0.062500 0.085417
0 0.755682 0.091667 0.065341 0.095833
0 0.488636 0.472917 0.079545 0.116667
1 0.058239 0.027083 0.056818 0.052083
0 0.177557 0.379167 0.079545 0.116667
0 0.806818 0.339583 0.073864 0.108333
0 0.312500 0.829167 0.082386 0.120833
0 0.822443 0.145833 0.071023 0.104167
0 0.723011 0.460417 0.082386 0.120833
0 0.613636 0.456250 0.082386 0.120833
0 0.673295 0.116667 0.062500 0.091667
0 0.879261 0.431250 0.073864 0.108333
