0 0.721591 0.237500 0.079545 0.116667
1 0.751420 0.942708 0.082386 0.114583
0 0.600852 0.358333 0.073864 0.108333
0 0.069602 0.206250 0.062500 0.091667
0 0.193182 0.785417 0.082386 0.120833
1 0.970170 0.965625 0.059659 0.068750
0 0.474432 0.681250 0.073864 0.108333
0 0.278409 0.225000 0.059659 0.087500
0 0.174716 0.483333 0.059659 0.087500
0 0.531250 0.562500 0.062500 0.091667
0 0.960227 0.781250 0.068182 0.100000
0 0.934659 0.077083 0.076705 0.112500
0 0.799716 0.191667 0.076705 0.112500
0 0.903409 0.229167 0.068182 0.100000
0 0.636364 0.720833 0.062500 0.091667
0 0.285511 0.704167 0.071023 0.104167
1 0.830966 0.969792 0.065341 0.060417
0 0.676136 0.604167 0.056818 0.083333
0 0.544034 0.093750 0.082386 0.120833
0 0.852273 0.741667 0.068182 0.100000
