0 0.214489 0.585417 0.065341 0.095833
1 0.250000 0.970833 0.071023 0.058333
0 0.674716 0.235417 0.059659 0.087500
0 0.954545 0.525000 0.062500 0.091667
1 0.029830 0.429167 0.058239 0.100000
0 0.775568 0.943750 0.065341 0.095833
1 0.045455 0.964583 0.082386 0.070833
0 0.437500 0.862500 0.071023 0.104167
0 0.758523 0.329167 0.065341 0.095833
1 0.551136 0.952083 0.082386 0.095833
0 0.373580 0.597917 0.071023 0.104167
1 0.016335 0.877083 0.031250 0.087500
0 0.859375 0.752083 0.065341 0.095833
0 0.315341 0.781250 0.082386 0.120833
0 0.467330 0.372917 0.073864 0.108333
0 0.883523 0.204167 0.068182 0.100000
0 0.754261 0.608333 0.056818 0.083333
1 0.917614 0.967708 0.062500 0.064583
1 0.035511 0.081250 0.069602 0.116667
0 0.362216 0.191667 0.071023 0.104167
