0 0.318182 0.325000 0.062500 0.091667
1 0.970881 0.047917 0.058239 0.093750
0 0.718750 0.252083 0.056818 0.083333
0 0.901989 0.433333 0.062500 0.091667
0 0.960227 0.845833 0.071023 0.104167
0 0.142045 0.283333 0.082386 0.120833
0 0.616477 0.072917 0.079545 0.116667
0 0.954545 0.695833 0.071023 0.104167
1 0.866477 0.967708 0.071023 0.064583
0 0.857955 0.264583 0.056818 0.083333
0 0.781250 0.422917 0.056818 0.083333
1 0.683239 0.967708 0.059659 0.064583
0 0.717330 0.639583 0.059659 0.087500
1 0.021307 0.843750 0.041193 0.087500
0 0.460227 0.752083 0.062500 0.091667
1 0.500000 0.047917 0.073864 0.093750
0 0.126420 0.937500 0.068182 0.100000
0 0.789773 0.814583 0.056818 0.083333
0 0.265625 0.683333 0.059659 0.087500
0 0.816761 0.068750 0.082386 0.120833
