0 0.955966 0.739583 0.076705 0.112500
0 0.460227 0.700000 0.076705 0.112500
0 0.095170 0.843750 0.071023 0.104167
0 0.657670 0.750000 0.079545 0.116667
0 0.419034 0.431250 0.059659 0.087500
0 0.095170 0.616667 0.068182 0.100000
0 0.741477 0.891667 0.076705 0.112500
0 0.669034 0.277083 0.076705 0.112500
0 0.242898 0.741667 0.076705 0.112500
1 0.737216 0.045833 0.073864 0.089583
0 0.340909 0.681250 0.059659 0.087500
0 0.606534 0.122917 0.062500 0.091667
0 0.879261 0.116667 0.059659 0.087500
0 0.717330 0.172917 0.071023 0.104167
0 0.473011 0.279167 0.056818 0.083333
0 0.471591 0.175000 0.068182 0.100000
0 0.725852 0.404167 0.076705 0.112500
0 0.713068 0.614583 0.065341 0.095833
0 0.376420 0.252083 0.076705 0.112500
0 0.889205 0.237500 0.062500 0.091667
