0 0.204545 0.314583 0.071023 0.104167
0 0.663352 0.937500 0.073864 0.108333
0 0.271307 0.089583 0.073864 0.108333
0 0.664773 0.208333 0.071023 0.104167
0 0.632102 0.422917 0.056818 0.083333
1 0.975852 0.727083 0.048295 0.095833
0 0.079545 0.179167 0.065341 0.095833
0 0.850852 0.418750 0.071023 0.104167
0 0.531250 0.179167 0.059659 0.087500
0 0.096591 0.325000 0.065341 0.095833
0 0.910511 0.295833 0.068182 0.100000
1 0.576705 0.039583 0.073864 0.077083
1 0.360795 0.039583 0.065341 0.077083
0 0.887784 0.875000 0.071023 0.104167
0 0.676136 0.595833 0.065341 0.095833
0 0.163352 0.162500 0.071023 0.104167
0 0.747159 0.810417 0.082386 0.120833
1 0.694602 0.040625 0.059659 0.079167
1 0.123580 0.956250 0.079545 0.087500
0 0.146307 0.522917 0.062500 0.091667
