1 0.340909 0.964583 0.071023 0.070833
0 0.892045 0.660417 0.062500 0.091667
0 0.934659 0.508333 0.071023 0.104167
0 0.600852 0.418750 0.065341 0.095833
0 0.247159 0.302083 0.079545 0.116667
1 0.960227 0.231250 0.079545 0.116667
0 0.080966 0.135417 0.065341 0.095833
0 0.235795 0.137500 0.076705 0.112500
0 0.387784 0.820833 0.056818 0.083333
0 0.663352 0.170833 0.056818 0.083333
0 0.127841 0.545833 0.082386 0.120833
0 0.463068 0.664583 0.079545 0.116667
0 0.400568 0.341667 0.082386 0.120833
0 0.812500 0.706250 0.056818 0.083333
0 0.568182 0.820833 0.065341 0.095833
0 0.771307 0.777083 0.059659 0.087500
0 0.684659 0.577083 0.071023 0.104167
0 0.687500 0.781250 0.065341 0.095833
0 0.505682 0.322917 0.068182 0.100000
1 0.884943 0.963542 0.065341 0.072917
