0 0.936080 0.879167 0.065341 0.095833
0 0.110795 0.600000 0.076705 0.112500
0 0.039773 0.741667 0.071023 0.104167
0 0.505682 0.289583 0.076705 0.112500
0 0.569602 0.822917 0.062500 0.091667
0 0.359375 0.675000 0.073864 0.108333
0 0.538352 0.529167 0.076705 0.112500
0 0.737216 0.316667 0.071023 0.104167
1 0.968750 0.258333 0.062500 0.120833
0 0.955966 0.085417 0.059659 0.087500
0 0.146307 0.404167 0.065341 0.095833
1 0.845170 0.036458 0.059659 0.070833
0 0.122159 0.097917 0.076705 0.112500
1 0.832386 0.973958 0.065341 0.052083
0 0.282670 0.533333 0.065341 0.095833
0 0.086648 0.239583 0.068182 0.100000
0 0.741477 0.127083 0.082386 0.120833
0 0.755682 0.831250 0.073864 0.108333
0 0.792614 0.237500 0.071023 0.104167
0 0.375000 0.308333 0.079545 0.116667
