0 0.188920 0.866667 0.059659 0.087500
0 0.421875 0.591667 0.082386 0.120833
0 0.839489 0.768750 0.076705 0.112500
1 0.026989 0.950000 0.052557 0.095833
0 0.842330 0.645833 0.071023 0.104167
0 0.180398 0.179167 0.071023 0.104167
1 0.026278 0.781250 0.051136 0.120833
0 0.225852 0.329167 0.073864 0.108333
0 0.776989 0.839583 0.068182 0.100000
0 0.536932 0.897917 0.056818 0.083333
0 0.384943 0.177083 0.056818 0.083333
0 0.938920 0.331250 0.079545 0.116667
0 0.683239 0.252083 0.071023 0.104167
1 0.204545 0.042708 0.068182 0.083333
0 0.512784 0.112500 0.079545 0.116667
0 0.633523 0.904167 0.073864 0.108333
0 0.806818 0.539583 0.056818 0.083333
0 0.936080 0.079167 0.071023 0.104167
0 0.386364 0.943750 0.076705 0.112500
0 0.181818 0.662500 0.073864 0.108333
