0 0.723011 0.895833 0.068182 0.100000
0 0.755682 0.452083 0.073864 0.108333
0 0.840909 0.872917 0.059659 0.087500
0 0.278409 0.406250 0.059659 0.087500
0 0.845170 0.387500 0.079545 0.116667
0 0.451705 0.885417 0.082386 0.120833
1 0.132102 0.041667 0.073864 0.081250
0 0.576705 0.681250 0.079545 0.116667
0 0.812500 0.154167 0.073864 0.108333
1 0.947443 0.048958 0.076705 0.095833
0 0.071023 0.500000 0.056818 0.083333
0 0.052557 0.297917 0.068182 0.100000
0 0.943182 0.897917 0.079545 0.116667
0 0.369318 0.804167 0.059659 0.087500
1 0.973011 0.475000 0.053977 0.120833
0 0.308239 0.595833 0.079545 0.116667
0 0.565341 0.372917 0.079545 0.116667
0 0.414773 0.350000 0.082386 0.120833
0 0.514205 0.612500 0.068182 0.100000
0 0.910511 0.527083 0.071023 0.104167
