1 0.982244 0.660417 0.035511 0.095833
0 0.281250 0.604167 0.065341 0.095833
0 0.552557 0.112500 0.079545 0.116667
0 0.784091 0.652083 0.068182 0.100000
0 0.534091 0.287500 0.073864 0.108333
0 0.285511 0.139583 0.056818 0.083333
0 0.532670 0.608333 0.079545 0.116667
0 0.461648 0.835417 0.062500 0.091667
0 0.143466 0.854167 0.079545 0.116667
0 0.494318 0.181250 0.059659 0.087500
0 0.930398 0.425000 0.079545 0.116667
0 0.190341 0.372917 0.062500 0.091667
0 0.514205 0.479167 0.071023 0.104167
0 0.041193 0.481250 0.059659 0.087500
0 0.607955 0.514583 0.073864 0.108333
0 0.407670 0.481250 0.079545 0.116667
0 0.241477 0.943750 0.065341 0.095833
0 0.393466 0.929167 0.056818 0.083333
0 0.917614 0.933333 0.076705 0.112500
0 0.919034 0.716667 0.079545 0.116667
