0 0.619318 0.114583 0.073864 0.108333
0 0.933239 0.752083 0.056818 0.083333
0 0.816761 0.143750 0.082386 0.120833
0 0.794034 0.581250 0.062500 0.091667
0 0.205966 0.231250 0.062500 0.091667
0 0.279830 0.866667 0.068182 0.100000
0 0.488636 0.845833 0.056818 0.083333
0 0.705966 0.279167 0.079545 0.116667
1 0.024148 0.893750 0.046875 0.112500
0 0.801136 0.458333 0.079545 0.116667
0 0.704545 0.389583 0.065341 0.095833
1 0.098011 0.045833 0.062500 0.089583
0 0.319602 0.170833 0.082386 0.120833
0 0.534091 0.327083 0.076705 0.112500
1 0.903409 0.965625 0.056818 0.068750
0 0.336648 0.537500 0.071023 0.104167
1 0.965909 0.156250 0.068182 0.104167
0 0.626420 0.239583 0.076705 0.112500
0 0.948864 0.270833 0.068182 0.100000
1 0.589489 0.945833 0.082386 0.108333
