0 0.919034 0.129167 0.062500 0.091667
0 0.423295 0.550000 0.065341 0.095833
0 0.897727 0.375000 0.056818 0.083333
0 0.036932 0.893750 0.068182 0.100000
0 0.167614 0.331250 0.071023 0.104167
0 0.399148 0.202083 0.056818 0.083333
0 0.140625 0.893750 0.062500 0.091667
0 0.453125 0.347917 0.079545 0.116667
0 0.961648 0.902083 0.068182 0.100000
0 0.786932 0.429167 0.082386 0.120833
0 0.549716 0.291667 0.065341 0.095833
0 0.829545 0.747917 0.062500 0.091667
0 0.936080 0.658333 0.076705 0.112500
0 0.038352 0.243750 0.071023 0.104167
0 0.346591 0.368750 0.076705 0.112500
0 0.971591 0.558333 0.056818 0.083333
1 0.875000 0.960417 0.068182 0.079167
0 0.769886 0.156250 0.076705 0.112500
0 0.573864 0.916667 0.062500 0.091667
0 0.602273 0.354167 0.065341 0.095833
