0 0.542614 0.368750 0.076705 0.112500
0 0.558239 0.222917 0.056818 0.083333
0 0.298295 0.675000 0.065341 0.095833
0 0.836648 0.381250 0.062500 0.091667
0 0.201705 0.479167 0.065341 0.095833
0 0.411932 0.593750 0.076705 0.112500
0 0.265625 0.177083 0.062500 0.091667
0 0.416193 0.793750 0.059659 0.087500
0 0.312500 0.277083 0.079545 0.116667
0 0.042614 0.920833 0.071023 0.104167
1 0.973011 0.770833 0.053977 0.083333
0 0.127841 0.889583 0.056818 0.083333
0 0.887784 0.729167 0.059659 0.087500
0 0.941761 0.297917 0.056818 0.083333
0 0.721591 0.497917 0.071023 0.104167
0 0.914773 0.454167 0.071023 0.104167
0 0.401989 0.268750 0.079545 0.116667
0 0.041193 0.560417 0.062500 0.091667
0 0.786932 0.593750 0.076705 0.112500
0 0.480114 0.731250 0.056818 0.083333
