0 0.372159 0.631250 0.076705 0.112500
0 0.308239 0.112500 0.068182 0.100000
1 0.373580 0.042708 0.071023 0.083333
0 0.764205 0.329167 0.079545 0.116667
0 0.065341 0.772917 0.056818 0.083333
0 0.799716 0.122917 0.071023 0.104167
1 0.972301 0.262500 0.055398 0.120833
1 0.017045 0.961458 0.032670 0.077083
1 0.928977 0.032292 0.062500 0.062500
0 0.727273 0.433333 0.068182 0.100000
1 0.248580 0.969792 0.079545 0.060417
0 0.275568 0.352083 0.062500 0.091667
0 0.329545 0.789583 0.073864 0.108333
0 0.948864 0.683333 0.059659 0.087500
0 0.424716 0.108333 0.056818 0.083333
0 0.292614 0.481250 0.076705 0.112500
0 0.365057 0.302083 0.059659 0.087500
1 0.647727 0.946875 0.082386 0.106250
0 0.103693 0.410417 0.056818 0.083333
1 0.022017 0.110417 0.042614 0.083333
