0 0.073864 0.789583 0.079545 0.116667
0 0.946023 0.616667 0.076705 0.112500
1 0.330966 0.943750 0.076705 0.112500
0 0.806818 0.395833 0.073864 0.108333
0 0.548295 0.833333 0.065341 0.095833
0 0.096591 0.937500 0.065341 0.095833
0 0.656250 0.125000 0.079545 0.116667
0 0.387784 0.320833 0.056818 0.083333
0 0.461648 0.202083 0.062500 0.091667
0 0.267045 0.085417 0.065341 0.095833
0 0.937500 0.802083 0.076705 0.112500
0 0.102273 0.368750 0.073864 0.108333
0 0.808239 0.927083 0.065341 0.095833
0 0.423295 0.510417 0.065341 0.095833
0 0.191761 0.385417 0.076705 0.112500
1 0.968750 0.043750 0.062500 0.085417
0 0.615057 0.425000 0.082386 0.120833
1 0.453125 0.040625 0.065341 0.079167
0 0.649148 0.635417 0.065341 0.095833
0 0.336648 0.364583 0.056818 0.083333
