0 0.654830 0.412500 0.076705 0.112500
0 0.663352 0.160417 0.056818 0.083333
0 0.741477 0.910417 0.056818 0.083333
1 0.980824 0.187500 0.038352 0.095833
0 0.066761 0.616667 0.056818 0.083333
1 0.468750 0.971875 0.071023 0.056250
0 0.887784 0.418750 0.062500 0.091667
1 0.275568 0.055208 0.082386 0.108333
1 0.215909 0.952083 0.082386 0.095833
0 0.782670 0.516667 0.056818 0.083333
0 0.588068 0.566667 0.073864 0.108333
0 0.464489 0.354167 0.071023 0.104167
0 0.443182 0.450000 0.059659 0.087500
0 0.302557 0.660417 0.056818 0.083333
1 0.978693 0.818750 0.042614 0.087500
0 0.758523 0.616667 0.068182 0.100000
0 0.309659 0.202083 0.059659 0.087500
0 0.892045 0.291667 0.059659 0.087500
1 0.877841 0.951042 0.068182 0.097917
0 0.563920 0.160417 0.068182 0.100000
