0 0.494318 0.864583 0.056818 0.083333
0 0.125000 0.664583 0.082386 0.120833
0 0.201705 0.447917 0.079545 0.116667
0 0.365057 0.056250 0.068182 0.100000
0 0.228693 0.922917 0.056818 0.083333
0 0.755682 0.875000 0.082386 0.120833
0 0.178977 0.750000 0.073864 0.108333
0 0.707386 0.147917 0.076705 0.112500
0 0.862216 0.462500 0.073864 0.108333
1 0.829545 0.952083 0.079545 0.095833
1 0.973011 0.839583 0.053977 0.120833
0 0.042614 0.591667 0.065341 0.095833
0 0.215909 0.200000 0.071023 0.104167
0 0.090909 0.066667 0.062500 0.091667
0 0.362216 0.389583 0.071023 0.104167
0 0.498580 0.064583 0.071023 0.104167
1 0.024858 0.945833 0.048295 0.108333
0 0.633523 0.095833 0.062500 0.091667
0 0.411932 0.212500 0.068182 0.100000
1 0.225852 0.028125 0.065341 0.054167
