0 0.497159 0.233333 0.065341 0.095833
0 0.512784 0.360417 0.056818 0.083333
0 0.340909 0.445833 0.056818 0.083333
0 0.642045 0.704167 0.071023 0.104167
0 0.210227 0.093750 0.073864 0.108333
0 0.167614 0.202083 0.079545 0.116667
1 0.231534 0.962500 0.073864 0.075000
0 0.586648 0.383333 0.059659 0.087500
0 0.505682 0.464583 0.059659 0.087500
0 0.258523 0.891667 0.056818 0.083333
0 0.892045 0.320833 0.079545 0.116667
0 0.501420 0.866667 0.076705 0.112500
0 0.276989 0.137500 0.065341 0.095833
0 0.853693 0.447917 0.076705 0.112500
0 0.083807 0.747917 0.068182 0.100000
1 0.153409 0.037500 0.082386 0.072917
0 0.742898 0.114583 0.059659 0.087500
0 0.625000 0.283333 0.076705 0.112500
0 0.251420 0.745833 0.065341 0.095833
0 0.353693 0.777083 0.071023 0.104167
