0 0.230114 0.922917 0.073864 0.108333
1 0.073864 0.956250 0.059659 0.087500
0 0.411932 0.862500 0.073864 0.108333
0 0.883523 0.110417 0.059659 0.087500
0 0.687500 0.183333 0.059659 0.087500
1 0.025568 0.112500 0.049716 0.104167
1 0.545455 0.041667 0.071023 0.081250
1 0.017045 0.450000 0.032670 0.083333
0 0.633523 0.556250 0.071023 0.104167
0 0.112216 0.718750 0.079545 0.116667
0 0.556818 0.610417 0.065341 0.095833
1 0.762784 0.037500 0.079545 0.072917
0 0.846591 0.679167 0.073864 0.108333
0 0.767045 0.458333 0.073864 0.108333
0 0.295455 0.570833 0.071023 0.104167
0 0.759943 0.904167 0.071023 0.104167
0 0.457386 0.627083 0.079545 0.116667
0 0.139205 0.316667 0.076705 0.112500
1 0.559659 0.960417 0.059659 0.079167
0 0.403409 0.529167 0.056818 0.083333
