0 0.795455 0.525000 0.071023 0.104167
0 0.487216 0.772917 0.065341 0.095833
0 0.245739 0.122917 0.073864 0.108333
0 0.535511 0.660417 0.073864 0.108333
0 0.948864 0.322917 0.076705 0.112500
0 0.714489 0.056250 0.059659 0.087500
0 0.129261 0.304167 0.062500 0.091667
0 0.389205 0.335417 0.056818 0.083333
0 0.937500 0.493750 0.062500 0.091667
0 0.548295 0.485417 0.062500 0.091667
0 0.096591 0.739583 0.059659 0.087500
0 0.225852 0.808333 0.059659 0.087500
0 0.829545 0.850000 0.071023 0.104167
0 0.301136 0.235417 0.073864 0.108333
0 0.471591 0.362500 0.056818 0.083333
0 0.063920 0.208333 0.079545 0.116667
0 0.184659 0.679167 0.071023 0.104167
1 0.279830 0.037500 0.059659 0.072917
0 0.732955 0.877083 0.068182 0.100000
0 0.607955 0.241667 0.071023 0.104167
