0 0.791193 0.689583 0.073864 0.108333
0 0.737216 0.056250 0.073864 0.108333
0 0.437500 0.800000 0.076705 0.112500
0 0.157670 0.310417 0.073864 0.108333
0 0.225852 0.914583 0.079545 0.116667
0 0.518466 0.787500 0.071023 0.104167
0 0.495739 0.266667 0.068182 0.100000
0 0.556818 0.435417 0.068182 0.100000
0 0.085227 0.800000 0.056818 0.083333
0 0.363636 0.554167 0.059659 0.087500
0 0.302557 0.127083 0.065341 0.095833
0 0.257102 0.295833 0.076705 0.112500
0 0.159091 0.104167 0.076705 0.112500
0 0.053977 0.131250 0.073864 0.108333
0 0.088068 0.641667 0.065341 0.095833
0 0.893466 0.347917 0.065341 0.095833
1 0.856534 0.973958 0.065341 0.052083
0 0.687500 0.425000 0.079545 0.116667
0 0.352273 0.366667 0.082386 0.120833
0 0.666193 0.187500 0.082386 0.120833
