0 0.511364 0.177083 0.076705 0.112500
0 0.123580 0.395833 0.059659 0.087500
0 0.335227 0.537500 0.068182 0.100000
0 0.507102 0.906250 0.065341 0.095833
1 0.968040 0.097917 0.063920 0.120833
0 0.786932 0.089583 0.068182 0.100000
0 0.667614 0.800000 0.071023 0.104167
0 0.088068 0.812500 0.071023 0.104167
0 0.139205 0.687500 0.079545 0.116667
0 0.373580 0.818750 0.082386 0.120833
0 0.592330 0.608333 0.082386 0.120833
1 0.394886 0.050000 0.082386 0.097917
0 0.563920 0.060417 0.073864 0.108333
0 0.779830 0.804167 0.079545 0.116667
0 0.896307 0.075000 0.082386 0.120833
0 0.083807 0.277083 0.073864 0.108333
1 0.041193 0.618750 0.080966 0.120833
1 0.818182 0.953125 0.065341 0.093750
0 0.842330 0.410417 0.068182 0.100000
1 0.634943 0.029167 0.059659 0.056250
