0 0.112216 0.714583 0.076705 0.112500
0 0.670455 0.379167 0.068182 0.100000
0 0.464489 0.714583 0.079545 0.116667
0 0.678977 0.531250 0.065341 0.095833
0 0.204545 0.208333 0.073864 0.108333
0 0.161932 0.604167 0.068182 0.100000
0 0.742898 0.068750 0.082386 0.120833
0 0.160511 0.070833 0.079545 0.116667
0 0.079545 0.464583 0.071023 0.104167
0 0.561080 0.595833 0.062500 0.091667
0 0.214489 0.414583 0.062500 0.091667
0 0.424716 0.506250 0.056818 0.083333
0 0.596591 0.475000 0.059659 0.087500
0 0.941761 0.804167 0.082386 0.120833
0 0.484375 0.954167 0.059659 0.087500
0 0.186080 0.712500 0.062500 0.091667
0 0.542614 0.300000 0.065341 0.095833
0 0.133523 0.887500 0.073864 0.108333
0 0.754261 0.329167 0.076705 0.112500
0 0.886364 0.402083 0.073864 0.108333
