0 0.117898 0.270833 0.056818 0.083333
0 0.245739 0.300000 0.071023 0.104167
0 0.232955 0.847917 0.059659 0.087500
0 0.882102 0.733333 0.073864 0.108333
0 0.785511 0.633333 0.068182 0.100000
0 0.051136 0.931250 0.071023 0.104167
0 0.322443 0.837500 0.071023 0.104167
0 0.360795 0.210417 0.076705 0.112500
0 0.948864 0.927083 0.056818 0.083333
0 0.619318 0.212500 0.065341 0.095833
1 0.020597 0.297917 0.039773 0.083333
0 0.363636 0.725000 0.073864 0.108333
0 0.294034 0.522917 0.079545 0.116667
0 0.130682 0.166667 0.071023 0.104167
0 0.664773 0.275000 0.056818 0.083333
0 0.265625 0.127083 0.076705 0.112500
0 0.200284 0.662500 0.062500 0.091667
1 0.031960 0.170833 0.062500 0.116667
0 0.090909 0.735417 0.056818 0.083333
0 0.948864 0.410417 0.056818 0.083333
