0 0.188920 0.379167 0.065341 0.095833
0 0.240057 0.264583 0.076705 0.112500
0 0.946023 0.860417 0.082386 0.120833
0 0.968750 0.295833 0.056818 0.083333
1 0.433239 0.966667 0.059659 0.066667
0 0.186080 0.481250 0.068182 0.100000
0 0.495739 0.647917 0.068182 0.100000
0 0.248580 0.783333 0.062500 0.091667
0 0.130682 0.295833 0.082386 0.120833
0 0.582386 0.531250 0.076705 0.112500
0 0.110795 0.756250 0.076705 0.112500
0 0.478693 0.752083 0.068182 0.100000
0 0.073864 0.072917 0.076705 0.112500
1 0.720170 0.960417 0.071023 0.079167
0 0.389205 0.627083 0.076705 0.112500
0 0.514205 0.381250 0.065341 0.095833
0 0.612216 0.210417 0.062500 0.091667
0 0.845170 0.177083 0.073864 0.108333
0 0.061080 0.643750 0.068182 0.100000
0 0.460227 0.187500 0.065341 0.095833
