0 0.497159 0.902083 0.076705 0.112500
0 0.284091 0.606250 0.073864 0.108333
0 0.180398 0.310417 0.068182 0.100000
0 0.768466 0.810417 0.073864 0.108333
0 0.561080 0.529167 0.071023 0.104167
0 0.376420 0.902083 0.082386 0.120833
0 0.940341 0.416667 0.073864 0.108333
1 0.029119 0.795833 0.056818 0.095833
1 0.200284 0.951042 0.073864 0.097917
1 0.657670 0.025000 0.062500 0.047917
1 0.829545 0.022917 0.056818 0.043750
0 0.373580 0.779167 0.065341 0.095833
1 0.264205 0.975000 0.059659 0.050000
0 0.238636 0.820833 0.062500 0.091667
0 0.079545 0.247917 0.076705 0.112500
0 0.609375 0.379167 0.065341 0.095833
0 0.825284 0.139583 0.082386 0.120833
0 0.173295 0.681250 0.073864 0.108333
1 0.828125 0.955208 0.073864 0.089583
1 0.041193 0.037500 0.073864 0.072917
