0 0.795455 0.522917 0.071023 0.104167
0 0.292614 0.935417 0.065341 0.095833
1 0.083807 0.964583 0.065341 0.070833
0 0.355114 0.793750 0.068182 0.100000
1 0.440341 0.029167 0.073864 0.056250
0 0.471591 0.268750 0.079545 0.116667
0 0.897727 0.237500 0.059659 0.087500
0 0.126420 0.487500 0.062500 0.091667
0 0.678977 0.118750 0.065341 0.095833
0 0.774148 0.722917 0.062500 0.091667
0 0.389205 0.433333 0.056818 0.083333
0 0.196023 0.866667 0.082386 0.120833
0 0.120739 0.625000 0.079545 0.116667
0 0.102273 0.285417 0.073864 0.108333
0 0.762784 0.870833 0.082386 0.120833
0 0.566761 0.456250 0.073864 0.108333
0 0.066761 0.095833 0.073864 0.108333
0 0.498580 0.918750 0.059659 0.087500
0 0.728693 0.479167 0.065341 0.095833
0 0.750000 0.093750 0.073864 0.108333
