0 0.098011 0.918750 0.068182 0.100000
0 0.920455 0.943750 0.071023 0.104167
0 0.775568 0.193750 0.056818 0.083333
1 0.626420 0.048958 0.082386 0.095833
0 0.897727 0.637500 0.076705 0.112500
0 0.606534 0.456250 0.065341 0.095833
1 0.971591 0.545833 0.056818 0.100000
0 0.130682 0.631250 0.071023 0.104167
0 0.826705 0.516667 0.076705 0.112500
0 0.590909 0.247917 0.062500 0.091667
0 0.332386 0.533333 0.079545 0.116667
0 0.401989 0.410417 0.071023 0.104167
1 0.259943 0.946875 0.073864 0.106250
1 0.026989 0.023958 0.052557 0.045833
0 0.650568 0.881250 0.062500 0.091667
0 0.146307 0.814583 0.056818 0.083333
0 0.115057 0.364583 0.076705 0.112500
0 0.694602 0.439583 0.068182 0.100000
0 0.856534 0.806250 0.082386 0.120833
1 0.289773 0.033333 0.065341 0.064583
