0 0.265625 0.610417 0.059659 0.087500
0 0.413352 0.175000 0.059659 0.087500
0 0.751420 0.537500 0.068182 0.100000
0 0.404830 0.397917 0.082386 0.120833
0 0.630682 0.952083 0.056818 0.083333
0 0.528409 0.250000 0.071023 0.104167
0 0.582386 0.556250 0.076705 0.112500
0 0.338068 0.854167 0.073864 0.108333
0 0.261364 0.120833 0.056818 0.083333
0 0.896307 0.831250 0.076705 0.112500
0 0.333807 0.106250 0.056818 0.083333
0 0.754261 0.816667 0.068182 0.100000
0 0.085227 0.547917 0.062500 0.091667
0 0.705966 0.112500 0.082386 0.120833
1 0.532670 0.032292 0.071023 0.062500
1 0.023438 0.529167 0.045455 0.083333
1 0.977273 0.441667 0.045455 0.100000
0 0.348011 0.668750 0.079545 0.116667
0 0.646307 0.400000 0.073864 0.108333
0 0.647727 0.629167 0.068182 0.100000
