0 0.072443 0.752083 0.076705 0.112500
0 0.711648 0.908333 0.079545 0.116667
0 0.613636 0.835417 0.076705 0.112500
0 0.725852 0.554167 0.082386 0.120833
0 0.230114 0.106250 0.079545 0.116667
0 0.147727 0.889583 0.068182 0.100000
0 0.140625 0.368750 0.071023 0.104167
1 0.890625 0.047917 0.076705 0.093750
0 0.900568 0.187500 0.056818 0.083333
0 0.501420 0.812500 0.076705 0.112500
1 0.975142 0.579167 0.049716 0.087500
0 0.046875 0.906250 0.073864 0.108333
0 0.634943 0.675000 0.068182 0.100000
0 0.225852 0.856250 0.068182 0.100000
1 0.553977 0.975000 0.062500 0.050000
0 0.174716 0.725000 0.065341 0.095833
0 0.180398 0.445833 0.059659 0.087500
0 0.725852 0.706250 0.065341 0.095833
0 0.511364 0.702083 0.059659 0.087500
0 0.832386 0.583333 0.065341 0.095833
