0 0.038352 0.481250 0.065341 0.095833
0 0.217330 0.095833 0.073864 0.108333
0 0.049716 0.202083 0.056818 0.083333
0 0.619318 0.931250 0.073864 0.108333
0 0.531250 0.785417 0.079545 0.116667
0 0.335227 0.608333 0.059659 0.087500
0 0.305398 0.529167 0.062500 0.091667
1 0.133523 0.029167 0.071023 0.056250
0 0.774148 0.358333 0.071023 0.104167
0 0.062500 0.075000 0.059659 0.087500
0 0.406250 0.902083 0.076705 0.112500
0 0.396307 0.464583 0.071023 0.104167
0 0.150568 0.185417 0.062500 0.091667
1 0.968040 0.114583 0.063920 0.108333
0 0.498580 0.441667 0.071023 0.104167
0 0.278409 0.420833 0.071023 0.104167
0 0.484375 0.697917 0.068182 0.100000
0 0.579545 0.702083 0.059659 0.087500
0 0.370739 0.289583 0.056818 0.083333
0 0.696023 0.777083 0.062500 0.091667
