0 0.569602 0.693750 0.065341 0.095833
0 0.534091 0.289583 0.073864 0.108333
1 0.019886 0.370833 0.038352 0.091667
0 0.311080 0.316667 0.068182 0.100000
0 0.069602 0.135417 0.065341 0.095833
0 0.127841 0.306250 0.062500 0.091667
0 0.602273 0.093750 0.056818 0.083333
0 0.272727 0.079167 0.068182 0.100000
0 0.448864 0.927083 0.065341 0.095833
1 0.281250 0.962500 0.071023 0.075000
0 0.375000 0.431250 0.076705 0.112500
0 0.889205 0.827083 0.065341 0.095833
1 0.113636 0.034375 0.062500 0.066667
1 0.436080 0.029167 0.062500 0.056250
0 0.904830 0.243750 0.068182 0.100000
1 0.356534 0.960417 0.056818 0.079167
1 0.869318 0.962500 0.062500 0.075000
0 0.169034 0.816667 0.079545 0.116667
0 0.690341 0.516667 0.059659 0.087500
0 0.771307 0.862500 0.079545 0.116667
