0 0.413352 0.900000 0.068182 0.100000
1 0.717330 0.039583 0.056818 0.077083
0 0.475852 0.672917 0.076705 0.112500
1 0.832386 0.958333 0.082386 0.083333
0 0.910511 0.258333 0.062500 0.091667
0 0.507102 0.060417 0.062500 0.091667
0 0.803977 0.427083 0.059659 0.087500
1 0.390625 0.032292 0.056818 0.062500
0 0.397727 0.400000 0.073864 0.108333
0 0.281250 0.152083 0.059659 0.087500
1 0.794034 0.029167 0.059659 0.056250
0 0.177557 0.672917 0.065341 0.095833
0 0.647727 0.443750 0.071023 0.104167
0 0.855114 0.612500 0.082386 0.120833
0 0.387784 0.787500 0.056818 0.083333
0 0.596591 0.587500 0.076705 0.112500
0 0.686080 0.662500 0.056818 0.083333
0 0.190341 0.529167 0.079545 0.116667
0 0.272727 0.916667 0.056818 0.083333
1 0.115057 0.039583 0.079545 0.077083
