0 0.102273 0.812500 0.082386 0.120833
1 0.463068 0.041667 0.056818 0.081250
0 0.130682 0.437500 0.071023 0.104167
1 0.799716 0.956250 0.082386 0.087500
0 0.427557 0.208333 0.082386 0.120833
0 0.406250 0.652083 0.082386 0.120833
0 0.735795 0.093750 0.068182 0.100000
1 0.983665 0.970833 0.032670 0.058333
0 0.636364 0.900000 0.068182 0.100000
0 0.619318 0.710417 0.062500 0.091667
0 0.561080 0.579167 0.068182 0.100000
0 0.646307 0.435417 0.065341 0.095833
0 0.551136 0.856250 0.062500 0.091667
0 0.714489 0.758333 0.062500 0.091667
0 0.455966 0.325000 0.071023 0.104167
0 0.850852 0.068750 0.062500 0.091667
0 0.095170 0.106250 0.076705 0.112500
0 0.427557 0.414583 0.062500 0.091667
0 0.909091 0.568750 0.073864 0.108333
0 0.697443 0.237500 0.076705 0.112500
