0 0.674716 0.818750 0.059659 0.087500
0 0.194602 0.889583 0.079545 0.116667
1 0.031960 0.350000 0.062500 0.112500
1 0.267045 0.966667 0.073864 0.066667
0 0.410511 0.204167 0.065341 0.095833
0 0.708807 0.275000 0.062500 0.091667
0 0.431818 0.600000 0.065341 0.095833
0 0.688920 0.483333 0.076705 0.112500
0 0.448864 0.393750 0.068182 0.100000
0 0.690341 0.716667 0.071023 0.104167
0 0.095170 0.229167 0.076705 0.112500
0 0.276989 0.441667 0.071023 0.104167
0 0.053977 0.612500 0.065341 0.095833
0 0.440341 0.860417 0.079545 0.116667
0 0.927557 0.750000 0.073864 0.108333
0 0.913352 0.181250 0.065341 0.095833
0 0.901989 0.906250 0.073864 0.108333
0 0.255682 0.641667 0.062500 0.091667
0 0.316761 0.768750 0.056818 0.083333
0 0.170455 0.672917 0.065341 0.095833
