0 0.607955 0.229167 0.068182 0.100000
1 0.963068 0.973958 0.056818 0.052083
0 0.654830 0.306250 0.071023 0.104167
0 0.437500 0.327083 0.068182 0.100000
0 0.315341 0.550000 0.065341 0.095833
0 0.265625 0.939583 0.062500 0.091667
0 0.166193 0.814583 0.059659 0.087500
0 0.407670 0.810417 0.071023 0.104167
0 0.615057 0.912500 0.059659 0.087500
0 0.828125 0.747917 0.059659 0.087500
0 0.312500 0.227083 0.059659 0.087500
0 0.232955 0.239583 0.082386 0.120833
0 0.772727 0.539583 0.062500 0.091667
0 0.576705 0.818750 0.065341 0.095833
1 0.982244 0.204167 0.035511 0.095833
1 0.033381 0.620833 0.065341 0.100000
0 0.707386 0.679167 0.056818 0.083333
0 0.134943 0.500000 0.065341 0.095833
0 0.642045 0.506250 0.059659 0.087500
0 0.742898 0.247917 0.073864 0.108333
