0 0.443182 0.854167 0.062500 0.091667
0 0.511364 0.212500 0.059659 0.087500
0 0.301136 0.450000 0.065341 0.095833
1 0.062500 0.965625 0.056818 0.068750
0 0.417614 0.337500 0.062500 0.091667
0 0.924716 0.245833 0.071023 0.104167
1 0.919034 0.952083 0.071023 0.095833
0 0.860795 0.362500 0.065341 0.095833
1 0.971591 0.466667 0.056818 0.116667
0 0.149148 0.416667 0.065341 0.095833
0 0.678977 0.079167 0.082386 0.120833
0 0.401989 0.439583 0.079545 0.116667
0 0.534091 0.704167 0.079545 0.116667
0 0.218750 0.104167 0.056818 0.083333
0 0.580966 0.152083 0.071023 0.104167
0 0.710227 0.433333 0.073864 0.108333
0 0.765625 0.247917 0.079545 0.116667
0 0.309659 0.341667 0.076705 0.112500
0 0.799716 0.927083 0.073864 0.108333
0 0.076705 0.439583 0.073864 0.108333
