0 0.846591 0.877083 0.062500 0.091667
0 0.495739 0.433333 0.073864 0.108333
0 0.188920 0.114583 0.071023 0.104167
0 0.750000 0.204167 0.071023 0.104167
1 0.345170 0.028125 0.059659 0.054167
0 0.737216 0.379167 0.065341 0.095833
1 0.309659 0.948958 0.079545 0.102083
0 0.313920 0.289583 0.056818 0.083333
0 0.674716 0.641667 0.056818 0.083333
0 0.291193 0.558333 0.062500 0.091667
0 0.946023 0.068750 0.065341 0.095833
0 0.855114 0.143750 0.082386 0.120833
0 0.235795 0.310417 0.065341 0.095833
0 0.309659 0.687500 0.082386 0.120833
0 0.497159 0.610417 0.082386 0.120833
0 0.110795 0.206250 0.065341 0.095833
0 0.433239 0.327083 0.056818 0.083333
0 0.715909 0.822917 0.065341 0.095833
0 0.588068 0.241667 0.059659 0.087500
0 0.129261 0.047917 0.059659 0.087500
