0 0.703125 0.575000 0.065341 0.095833
1 0.034091 0.250000 0.066761 0.120833
1 0.654830 0.039583 0.062500 0.077083
1 0.312500 0.029167 0.071023 0.056250
0 0.694602 0.852083 0.068182 0.100000
0 0.404830 0.631250 0.079545 0.116667
1 0.980114 0.410417 0.039773 0.108333
0 0.742898 0.712500 0.068182 0.100000
0 0.812500 0.512500 0.062500 0.091667
0 0.576705 0.352083 0.071023 0.104167
0 0.612216 0.702083 0.068182 0.100000
0 0.078125 0.547917 0.076705 0.112500
0 0.248580 0.958333 0.056818 0.083333
0 0.316761 0.570833 0.082386 0.120833
0 0.176136 0.893750 0.079545 0.116667
0 0.769886 0.410417 0.065341 0.095833
0 0.187500 0.368750 0.056818 0.083333
0 0.694602 0.214583 0.073864 0.108333
0 0.559659 0.085417 0.071023 0.104167
0 0.484375 0.620833 0.079545 0.116667
