0 0.833807 0.685417 0.062500 0.091667
0 0.382102 0.585417 0.073864 0.108333
0 0.197443 0.439583 0.076705 0.112500
0 0.353693 0.304167 0.082386 0.120833
0 0.071023 0.154167 0.073864 0.108333
0 0.943182 0.104167 0.056818 0.083333
0 0.879261 0.081250 0.065341 0.095833
0 0.447443 0.875000 0.073864 0.108333
0 0.409091 0.162500 0.062500 0.091667
1 0.963778 0.604167 0.072443 0.108333
1 0.525568 0.964583 0.062500 0.070833
0 0.606534 0.441667 0.062500 0.091667
0 0.386364 0.820833 0.065341 0.095833
0 0.267045 0.283333 0.062500 0.091667
0 0.920455 0.495833 0.062500 0.091667
0 0.842330 0.918750 0.076705 0.112500
0 0.853693 0.568750 0.071023 0.104167
0 0.792614 0.275000 0.079545 0.116667
0 0.789773 0.387500 0.071023 0.104167
0 0.140625 0.568750 0.076705 0.112500
