0 0.106534 0.504167 0.071023 0.104167
0 0.086648 0.177083 0.079545 0.116667
0 0.464489 0.637500 0.065341 0.095833
0 0.397727 0.170833 0.068182 0.100000
1 0.849432 0.953125 0.082386 0.093750
0 0.903409 0.881250 0.073864 0.108333
0 0.315341 0.827083 0.082386 0.120833
0 0.870739 0.129167 0.068182 0.100000
0 0.681818 0.452083 0.079545 0.116667
0 0.259943 0.260417 0.056818 0.083333
0 0.142045 0.818750 0.062500 0.091667
1 0.525568 0.965625 0.073864 0.068750
0 0.899148 0.235417 0.076705 0.112500
0 0.453125 0.491667 0.062500 0.091667
0 0.674716 0.085417 0.062500 0.091667
0 0.948864 0.358333 0.065341 0.095833
1 0.976562 0.464583 0.046875 0.091667
1 0.309659 0.970833 0.076705 0.058333
0 0.421875 0.850000 0.073864 0.108333
0 0.173295 0.947917 0.056818 0.083333
