0 0.637784 0.868750 0.082386 0.120833
0 0.134943 0.395833 0.079545 0.116667
0 0.437500 0.783333 0.068182 0.100000
0 0.603693 0.206250 0.062500 0.091667
0 0.541193 0.368750 0.076705 0.112500
0 0.187500 0.710417 0.082386 0.120833
0 0.343750 0.745833 0.076705 0.112500
0 0.967330 0.110417 0.065341 0.095833
1 0.250000 0.953125 0.079545 0.093750
1 0.024148 0.660417 0.046875 0.083333
0 0.180398 0.833333 0.071023 0.104167
0 0.676136 0.193750 0.065341 0.095833
0 0.842330 0.931250 0.076705 0.112500
0 0.738636 0.608333 0.062500 0.091667
0 0.325284 0.095833 0.068182 0.100000
0 0.267045 0.350000 0.056818 0.083333
0 0.823864 0.158333 0.062500 0.091667
1 0.455966 0.960417 0.062500 0.079167
0 0.693182 0.375000 0.079545 0.116667
0 0.450284 0.212500 0.071023 0.104167
