0 0.578125 0.258333 0.068182 0.100000
0 0.903409 0.193750 0.065341 0.095833
0 0.350852 0.789583 0.073864 0.108333
0 0.907670 0.427083 0.068182 0.100000
0 0.235795 0.620833 0.073864 0.108333
0 0.843750 0.514583 0.062500 0.091667
0 0.181818 0.077083 0.079545 0.116667
0 0.326705 0.593750 0.059659 0.087500
0 0.140625 0.647917 0.073864 0.108333
1 0.026989 0.031250 0.052557 0.060417
0 0.727273 0.485417 0.062500 0.091667
0 0.764205 0.752083 0.068182 0.100000
0 0.819602 0.681250 0.059659 0.087500
0 0.470170 0.814583 0.062500 0.091667
0 0.106534 0.470833 0.062500 0.091667
1 0.548295 0.040625 0.068182 0.079167
0 0.444602 0.656250 0.056818 0.083333
0 0.235795 0.250000 0.056818 0.083333
0 0.127841 0.779167 0.065341 0.095833
0 0.234375 0.466667 0.059659 0.087500
