0 0.805398 0.912500 0.056818 0.083333
0 0.505682 0.908333 0.076705 0.112500
0 0.856534 0.054167 0.056818 0.083333
0 0.254261 0.895833 0.065341 0.095833
0 0.389205 0.758333 0.059659 0.087500
0 0.328125 0.827083 0.065341 0.095833
0 0.785511 0.514583 0.065341 0.095833
0 0.125000 0.095833 0.068182 0.100000
0 0.598011 0.927083 0.079545 0.116667
0 0.157670 0.293750 0.076705 0.112500
0 0.055398 0.850000 0.068182 0.100000
0 0.098011 0.600000 0.056818 0.083333
0 0.649148 0.133333 0.065341 0.095833
0 0.501420 0.497917 0.082386 0.120833
0 0.616477 0.541667 0.065341 0.095833
0 0.751420 0.270833 0.079545 0.116667
1 0.975142 0.610417 0.049716 0.100000
0 0.670455 0.306250 0.059659 0.087500
0 0.251420 0.075000 0.079545 0.116667
0 0.453125 0.387500 0.073864 0.108333
