1 0.960227 0.377083 0.079545 0.120833
0 0.112216 0.302083 0.062500 0.091667
0 0.420455 0.566667 0.076705 0.112500
0 0.315341 0.554167 0.071023 0.104167
0 0.602273 0.075000 0.056818 0.083333
0 0.940341 0.639583 0.076705 0.112500
0 0.231534 0.293750 0.071023 0.104167
0 0.660511 0.327083 0.076705 0.112500
0 0.737216 0.525000 0.065341 0.095833
1 0.980114 0.822917 0.039773 0.112500
1 0.976562 0.179167 0.046875 0.095833
0 0.259943 0.868750 0.068182 0.100000
0 0.471591 0.883333 0.056818 0.083333
0 0.528409 0.302083 0.062500 0.091667
0 0.457386 0.397917 0.076705 0.112500
0 0.678977 0.602083 0.071023 0.104167
0 0.757102 0.347917 0.059659 0.087500
0 0.923295 0.166667 0.059659 0.087500
0 0.090909 0.583333 0.073864 0.108333
1 0.027699 0.168750 0.053977 0.116667
