0 0.566761 0.818750 0.068182 0.100000
0 0.227273 0.485417 0.073864 0.108333
0 0.609375 0.552083 0.059659 0.087500
1 0.850852 0.031250 0.079545 0.060417
0 0.710227 0.766667 0.073864 0.108333
0 0.136364 0.552083 0.076705 0.112500
0 0.579545 0.372917 0.065341 0.095833
0 0.481534 0.906250 0.059659 0.087500
0 0.619318 0.700000 0.076705 0.112500
0 0.480114 0.791667 0.059659 0.087500
0 0.518466 0.052083 0.065341 0.095833
0 0.048295 0.227083 0.071023 0.104167
0 0.198864 0.329167 0.056818 0.083333
0 0.092330 0.112500 0.071023 0.104167
1 0.801136 0.968750 0.065341 0.062500
0 0.650568 0.918750 0.082386 0.120833
0 0.904830 0.808333 0.076705 0.112500
0 0.221591 0.747917 0.065341 0.095833
1 0.019886 0.533333 0.038352 0.091667
0 0.642045 0.306250 0.065341 0.095833
