0 0.444602 0.389583 0.059659 0.087500
0 0.215909 0.941667 0.079545 0.116667
0 0.241477 0.587500 0.076705 0.112500
0 0.717330 0.060417 0.059659 0.087500
0 0.909091 0.897917 0.068182 0.100000
1 0.978693 0.135417 0.042614 0.120833
1 0.034801 0.102083 0.068182 0.116667
1 0.023438 0.279167 0.045455 0.095833
0 0.828125 0.491667 0.056818 0.083333
0 0.580966 0.620833 0.071023 0.104167
0 0.642045 0.883333 0.073864 0.108333
0 0.171875 0.456250 0.056818 0.083333
0 0.607955 0.302083 0.056818 0.083333
0 0.688920 0.483333 0.062500 0.091667
0 0.390625 0.262500 0.065341 0.095833
1 0.502841 0.036458 0.059659 0.070833
0 0.379261 0.785417 0.068182 0.100000
0 0.105114 0.914583 0.076705 0.112500
1 0.366477 0.039583 0.062500 0.077083
0 0.764205 0.558333 0.059659 0.087500
