0 0.552557 0.531250 0.071023 0.104167
0 0.470170 0.412500 0.082386 0.120833
0 0.333807 0.287500 0.068182 0.100000
0 0.178977 0.345833 0.056818 0.083333
0 0.705966 0.918750 0.062500 0.091667
0 0.134943 0.575000 0.076705 0.112500
0 0.207386 0.729167 0.059659 0.087500
1 0.025568 0.825000 0.049716 0.116667
0 0.948864 0.668750 0.076705 0.112500
0 0.613636 0.914583 0.071023 0.104167
0 0.205966 0.945833 0.062500 0.091667
0 0.926136 0.372917 0.073864 0.108333
0 0.046875 0.408333 0.062500 0.091667
0 0.821023 0.204167 0.068182 0.100000
0 0.066761 0.906250 0.068182 0.100000
0 0.453125 0.606250 0.079545 0.116667
1 0.024148 0.316667 0.046875 0.108333
0 0.258523 0.258333 0.079545 0.116667
0 0.134943 0.266667 0.076705 0.112500
0 0.715909 0.350000 0.079545 0.116667
