0 0.544034 0.389583 0.068182 0.100000
0 0.264205 0.335417 0.071023 0.104167
0 0.779830 0.370833 0.062500 0.091667
0 0.100852 0.677083 0.079545 0.116667
1 0.017756 0.895833 0.034091 0.087500
0 0.166193 0.822917 0.073864 0.108333
1 0.681818 0.046875 0.068182 0.091667
0 0.095170 0.833333 0.068182 0.100000
0 0.232955 0.779167 0.065341 0.095833
0 0.295455 0.837500 0.062500 0.091667
0 0.579545 0.652083 0.073864 0.108333
0 0.890625 0.754167 0.071023 0.104167
0 0.289773 0.139583 0.082386 0.120833
0 0.757102 0.100000 0.059659 0.087500
0 0.052557 0.362500 0.065341 0.095833
0 0.515625 0.129167 0.062500 0.091667
0 0.080966 0.112500 0.065341 0.095833
0 0.068182 0.945833 0.056818 0.083333
0 0.500000 0.702083 0.073864 0.108333
0 0.857955 0.856250 0.079545 0.116667
