0 0.744318 0.360417 0.082386 0.120833
0 0.769886 0.485417 0.062500 0.091667
0 0.893466 0.772917 0.065341 0.095833
0 0.484375 0.454167 0.071023 0.104167
0 0.835227 0.637500 0.068182 0.100000
1 0.039062 0.143750 0.076705 0.116667
0 0.566761 0.050000 0.056818 0.083333
0 0.085227 0.452083 0.065341 0.095833
0 0.267045 0.672917 0.062500 0.091667
0 0.666193 0.535417 0.071023 0.104167
0 0.647727 0.141667 0.065341 0.095833
0 0.671875 0.933333 0.065341 0.095833
0 0.399148 0.664583 0.073864 0.108333
0 0.643466 0.827083 0.082386 0.120833
0 0.816761 0.391667 0.059659 0.087500
0 0.792614 0.262500 0.073864 0.108333
1 0.968750 0.110417 0.062500 0.100000
0 0.417614 0.275000 0.071023 0.104167
0 0.353693 0.827083 0.076705 0.112500
0 0.536932 0.735417 0.079545 0.116667
