0 0.838068 0.389583 0.059659 0.087500
0 0.467330 0.312500 0.082386 0.120833
0 0.649148 0.877083 0.056818 0.083333
0 0.941761 0.145833 0.071023 0.104167
1 0.023438 0.040625 0.045455 0.079167
0 0.721591 0.227083 0.076705 0.112500
0 0.832386 0.881250 0.068182 0.100000
0 0.416193 0.714583 0.082386 0.120833
0 0.862216 0.712500 0.071023 0.104167
0 0.637784 0.577083 0.062500 0.091667
0 0.355114 0.547917 0.079545 0.116667
0 0.687500 0.131250 0.062500 0.091667
0 0.745739 0.718750 0.065341 0.095833
0 0.647727 0.700000 0.082386 0.120833
1 0.969460 0.243750 0.061080 0.120833
0 0.923295 0.610417 0.059659 0.087500
0 0.205966 0.427083 0.073864 0.108333
0 0.197443 0.112500 0.071023 0.104167
0 0.451705 0.162500 0.056818 0.083333
1 0.032670 0.395833 0.063920 0.120833
