0 0.909091 0.466667 0.062500 0.091667
0 0.198864 0.902083 0.056818 0.083333
0 0.720170 0.750000 0.059659 0.087500
0 0.602273 0.120833 0.073864 0.108333
1 0.075284 0.045833 0.073864 0.089583
0 0.394886 0.231250 0.059659 0.087500
0 0.390625 0.831250 0.062500 0.091667
0 0.218750 0.470833 0.071023 0.104167
0 0.492898 0.479167 0.065341 0.095833
0 0.931818 0.233333 0.068182 0.100000
0 0.734375 0.091667 0.082386 0.120833
0 0.609375 0.668750 0.073864 0.108333
0 0.703125 0.860417 0.076705 0.112500
0 0.086648 0.593750 0.059659 0.087500
0 0.390625 0.400000 0.059659 0.087500
1 0.948864 0.039583 0.056818 0.077083
0 0.309659 0.783333 0.065341 0.095833
0 0.167614 0.572917 0.068182 0.100000
0 0.502841 0.247917 0.068182 0.100000
0 0.921875 0.333333 0.062500 0.091667
