0 0.911932 0.841667 0.076705 0.112500
0 0.627841 0.152083 0.071023 0.104167
0 0.178977 0.787500 0.056818 0.083333
0 0.534091 0.743750 0.071023 0.104167
0 0.588068 0.608333 0.071023 0.104167
1 0.823864 0.950000 0.076705 0.100000
0 0.259943 0.245833 0.065341 0.095833
0 0.125000 0.547917 0.082386 0.120833
0 0.696023 0.710417 0.073864 0.108333
0 0.416193 0.354167 0.065341 0.095833
0 0.312500 0.164583 0.071023 0.104167
0 0.288352 0.422917 0.079545 0.116667
0 0.647727 0.345833 0.062500 0.091667
0 0.312500 0.602083 0.062500 0.091667
0 0.113636 0.087500 0.079545 0.116667
1 0.035511 0.077083 0.069602 0.104167
0 0.781250 0.241667 0.056818 0.083333
0 0.636364 0.789583 0.076705 0.112500
0 0.093750 0.266667 0.079545 0.116667
0 0.599432 0.885417 0.056818 0.083333
