0 0.440341 0.052083 0.068182 0.100000
0 0.041193 0.762500 0.062500 0.091667
0 0.715909 0.658333 0.073864 0.108333
0 0.866477 0.225000 0.079545 0.116667
0 0.383523 0.450000 0.068182 0.100000
0 0.497159 0.497917 0.056818 0.083333
0 0.616477 0.662500 0.059659 0.087500
0 0.035511 0.262500 0.065341 0.095833
0 0.562500 0.345833 0.068182 0.100000
0 0.930398 0.412500 0.076705 0.112500
0 0.404830 0.943750 0.076705 0.112500
0 0.951705 0.768750 0.071023 0.104167
0 0.889205 0.654167 0.082386 0.120833
0 0.747159 0.916667 0.059659 0.087500
0 0.137784 0.125000 0.056818 0.083333
0 0.333807 0.314583 0.056818 0.083333
1 0.894886 0.966667 0.079545 0.066667
0 0.066761 0.925000 0.065341 0.095833
0 0.102273 0.383333 0.071023 0.104167
0 0.845170 0.077083 0.062500 0.091667
