0 0.305398 0.075000 0.068182 0.100000
0 0.326705 0.545833 0.065341 0.095833
0 0.880682 0.397917 0.076705 0.112500
0 0.163352 0.737500 0.068182 0.100000
0 0.588068 0.052083 0.062500 0.091667
0 0.705966 0.679167 0.065341 0.095833
0 0.626420 0.529167 0.073864 0.108333
0 0.406250 0.066667 0.079545 0.116667
0 0.853693 0.127083 0.076705 0.112500
0 0.186080 0.391667 0.068182 0.100000
0 0.791193 0.212500 0.068182 0.100000
0 0.089489 0.618750 0.056818 0.083333
1 0.971591 0.960417 0.056818 0.079167
1 0.975142 0.839583 0.049716 0.104167
1 0.974432 0.466667 0.051136 0.087500
0 0.860795 0.677083 0.056818 0.083333
0 0.670455 0.335417 0.059659 0.087500
0 0.899148 0.583333 0.076705 0.112500
1 0.132102 0.030208 0.068182 0.058333
0 0.529830 0.187500 0.079545 0.116667
