0 0.775568 0.652083 0.068182 0.100000
1 0.968040 0.256250 0.063920 0.108333
0 0.707386 0.481250 0.065341 0.095833
0 0.690341 0.752083 0.056818 0.083333
0 0.113636 0.270833 0.071023 0.104167
0 0.210227 0.100000 0.076705 0.112500
0 0.299716 0.314583 0.079545 0.116667
0 0.109375 0.941667 0.059659 0.087500
0 0.190341 0.452083 0.076705 0.112500
1 0.028409 0.464583 0.055398 0.108333
0 0.772727 0.243750 0.076705 0.112500
0 0.842330 0.493750 0.079545 0.116667
0 0.130682 0.831250 0.079545 0.116667
1 0.330966 0.958333 0.065341 0.083333
0 0.889205 0.275000 0.082386 0.120833
0 0.389205 0.091667 0.076705 0.112500
0 0.062500 0.137500 0.068182 0.100000
1 0.037642 0.789583 0.073864 0.112500
1 0.017045 0.664583 0.032670 0.083333
0 0.659091 0.133333 0.062500 0.091667
