0 0.390625 0.675000 0.071023 0.104167
0 0.223011 0.454167 0.065341 0.095833
0 0.647727 0.547917 0.071023 0.104167
0 0.862216 0.058333 0.073864 0.108333
1 0.102273 0.965625 0.068182 0.068750
0 0.545455 0.270833 0.076705 0.112500
0 0.852273 0.793750 0.071023 0.104167
0 0.394886 0.802083 0.082386 0.120833
0 0.264205 0.127083 0.076705 0.112500
0 0.127841 0.595833 0.065341 0.095833
0 0.313920 0.379167 0.076705 0.112500
0 0.120739 0.833333 0.073864 0.108333
0 0.313920 0.739583 0.073864 0.108333
0 0.821023 0.154167 0.076705 0.112500
1 0.034801 0.300000 0.068182 0.104167
0 0.549716 0.106250 0.065341 0.095833
1 0.257102 0.957292 0.068182 0.085417
0 0.598011 0.762500 0.079545 0.116667
0 0.116477 0.379167 0.082386 0.120833
0 0.778409 0.243750 0.068182 0.100000
