0 0.569602 0.885417 0.082386 0.120833
0 0.931818 0.866667 0.071023 0.104167
0 0.580966 0.237500 0.065341 0.095833
0 0.833807 0.822917 0.059659 0.087500
0 0.686080 0.139583 0.076705 0.112500
0 0.430398 0.291667 0.079545 0.116667
0 0.771307 0.260417 0.082386 0.120833
1 0.972301 0.456250 0.055398 0.087500
1 0.019886 0.762500 0.038352 0.083333
0 0.119318 0.339583 0.059659 0.087500
0 0.350852 0.837500 0.073864 0.108333
0 0.606534 0.558333 0.068182 0.100000
0 0.220170 0.675000 0.059659 0.087500
0 0.835227 0.681250 0.082386 0.120833
1 0.322443 0.948958 0.076705 0.102083
0 0.434659 0.845833 0.062500 0.091667
0 0.867898 0.391667 0.065341 0.095833
0 0.269886 0.560417 0.082386 0.120833
0 0.768466 0.552083 0.059659 0.087500
0 0.859375 0.279167 0.071023 0.104167
