0 0.634943 0.852083 0.065341 0.095833
0 0.965909 0.741667 0.062500 0.091667
0 0.436080 0.933333 0.068182 0.100000
0 0.340909 0.527083 0.082386 0.120833
0 0.758523 0.872917 0.059659 0.087500
0 0.507102 0.897917 0.065341 0.095833
0 0.306818 0.172917 0.065341 0.095833
0 0.808239 0.497917 0.062500 0.091667
0 0.664773 0.487500 0.082386 0.120833
0 0.553977 0.522917 0.082386 0.120833
0 0.717330 0.727083 0.062500 0.091667
0 0.453125 0.137500 0.076705 0.112500
0 0.289773 0.754167 0.065341 0.095833
0 0.455966 0.783333 0.079545 0.116667
0 0.748580 0.197917 0.082386 0.120833
0 0.056818 0.064583 0.062500 0.091667
0 0.619318 0.277083 0.079545 0.116667
1 0.017756 0.422917 0.034091 0.087500
0 0.678977 0.210417 0.056818 0.083333
0 0.663352 0.085417 0.073864 0.108333
