0 0.583807 0.606250 0.062500 0.091667
0 0.286932 0.945833 0.071023 0.104167
0 0.313920 0.287500 0.073864 0.108333
0 0.698864 0.850000 0.065341 0.095833
0 0.267045 0.441667 0.073864 0.108333
0 0.924716 0.468750 0.073864 0.108333
0 0.548295 0.345833 0.065341 0.095833
0 0.657670 0.495833 0.065341 0.095833
0 0.436080 0.560417 0.076705 0.112500
0 0.390625 0.231250 0.062500 0.091667
0 0.491477 0.185417 0.073864 0.108333
0 0.924716 0.704167 0.056818 0.083333
0 0.224432 0.166667 0.073864 0.108333
0 0.849432 0.220833 0.076705 0.112500
0 0.769886 0.706250 0.079545 0.116667
1 0.848011 0.970833 0.076705 0.058333
0 0.938920 0.193750 0.062500 0.091667
0 0.032670 0.250000 0.056818 0.083333
0 0.181818 0.808333 0.082386 0.120833
0 0.296875 0.735417 0.079545 0.116667
