0 0.677557 0.660417 0.073864 0.108333
0 0.357955 0.666667 0.071023 0.104167
0 0.850852 0.639583 0.073864 0.108333
1 0.147727 0.946875 0.073864 0.106250
0 0.741477 0.537500 0.056818 0.083333
0 0.139205 0.818750 0.056818 0.083333
0 0.379261 0.122917 0.082386 0.120833
0 0.487216 0.189583 0.059659 0.087500
1 0.967330 0.093750 0.065341 0.108333
0 0.464489 0.506250 0.056818 0.083333
0 0.723011 0.137500 0.062500 0.091667
0 0.231534 0.470833 0.073864 0.108333
0 0.426136 0.872917 0.068182 0.100000
0 0.161932 0.589583 0.073864 0.108333
0 0.910511 0.327083 0.073864 0.108333
1 0.660511 0.977083 0.059659 0.045833
0 0.311080 0.752083 0.059659 0.087500
0 0.103693 0.516667 0.056818 0.083333
1 0.979403 0.416667 0.041193 0.112500
1 0.548295 0.945833 0.082386 0.108333
