0 0.765625 0.306250 0.082386 0.120833
0 0.326705 0.195833 0.062500 0.091667
0 0.075284 0.714583 0.068182 0.100000
0 0.137784 0.781250 0.073864 0.108333
0 0.555398 0.768750 0.068182 0.100000
1 0.027699 0.927083 0.053977 0.095833
0 0.377841 0.789583 0.082386 0.120833
0 0.298295 0.710417 0.062500 0.091667
0 0.732955 0.168750 0.062500 0.091667
1 0.963778 0.760417 0.072443 0.112500
0 0.259943 0.356250 0.079545 0.116667
0 0.434659 0.547917 0.059659 0.087500
0 0.595170 0.064583 0.068182 0.100000
0 0.649148 0.666667 0.082386 0.120833
0 0.267045 0.525000 0.059659 0.087500
0 0.602273 0.585417 0.056818 0.083333
1 0.973011 0.464583 0.053977 0.083333
1 0.982955 0.887500 0.034091 0.095833
1 0.769886 0.045833 0.073864 0.089583
0 0.839489 0.233333 0.076705 0.112500
