0 0.500000 0.922917 0.079545 0.116667
0 0.795455 0.768750 0.062500 0.091667
0 0.169034 0.843750 0.059659 0.087500
0 0.752841 0.397917 0.062500 0.091667
0 0.683239 0.493750 0.056818 0.083333
1 0.030540 0.043750 0.059659 0.085417
0 0.904830 0.266667 0.059659 0.087500
0 0.754261 0.150000 0.071023 0.104167
0 0.059659 0.487500 0.056818 0.083333
0 0.727273 0.835417 0.082386 0.120833
0 0.947443 0.181250 0.076705 0.112500
0 0.132102 0.687500 0.059659 0.087500
0 0.400568 0.652083 0.065341 0.095833
0 0.416193 0.375000 0.062500 0.091667
0 0.129261 0.495833 0.062500 0.091667
1 0.248580 0.045833 0.068182 0.089583
0 0.447443 0.268750 0.068182 0.100000
1 0.021307 0.327083 0.041193 0.108333
0 0.632102 0.889583 0.079545 0.116667
1 0.034801 0.693750 0.068182 0.108333
