1 0.970881 0.550000 0.058239 0.104167
1 0.103693 0.945833 0.073864 0.108333
0 0.267045 0.322917 0.073864 0.108333
0 0.676136 0.114583 0.068182 0.100000
0 0.595170 0.547917 0.056818 0.083333
0 0.394886 0.125000 0.071023 0.104167
0 0.255682 0.706250 0.059659 0.087500
0 0.683239 0.918750 0.068182 0.100000
1 0.020597 0.829167 0.039773 0.087500
0 0.281250 0.114583 0.065341 0.095833
0 0.078125 0.145833 0.059659 0.087500
0 0.224432 0.925000 0.071023 0.104167
1 0.020597 0.114583 0.039773 0.116667
0 0.610795 0.839583 0.079545 0.116667
0 0.917614 0.752083 0.079545 0.116667
1 0.948864 0.034375 0.065341 0.066667
0 0.497159 0.758333 0.073864 0.108333
0 0.291193 0.952083 0.056818 0.083333
0 0.896307 0.393750 0.062500 0.091667
0 0.285511 0.531250 0.062500 0.091667
