0 0.750000 0.354167 0.059659 0.087500
0 0.910511 0.383333 0.065341 0.095833
1 0.977273 0.922917 0.045455 0.116667
1 0.964489 0.470833 0.071023 0.120833
1 0.051136 0.966667 0.082386 0.066667
0 0.836648 0.933333 0.062500 0.091667
0 0.750000 0.710417 0.071023 0.104167
0 0.237216 0.804167 0.071023 0.104167
0 0.917614 0.843750 0.079545 0.116667
0 0.639205 0.452083 0.065341 0.095833
0 0.032670 0.881250 0.056818 0.083333
0 0.774148 0.850000 0.062500 0.091667
0 0.960227 0.145833 0.062500 0.091667
0 0.282670 0.281250 0.062500 0.091667
0 0.428977 0.089583 0.062500 0.091667
1 0.355114 0.969792 0.059659 0.060417
0 0.210227 0.637500 0.065341 0.095833
0 0.674716 0.285417 0.056818 0.083333
0 0.397727 0.275000 0.076705 0.112500
0 0.123580 0.247917 0.071023 0.104167
