0 0.345170 0.822917 0.068182 0.100000
0 0.732955 0.106250 0.073864 0.108333
0 0.714489 0.475000 0.082386 0.120833
0 0.056818 0.120833 0.082386 0.120833
0 0.934659 0.410417 0.082386 0.120833
0 0.497159 0.750000 0.065341 0.095833
0 0.829545 0.941667 0.079545 0.116667
0 0.176136 0.500000 0.062500 0.091667
0 0.721591 0.627083 0.056818 0.083333
0 0.414773 0.118750 0.073864 0.108333
0 0.409091 0.310417 0.079545 0.116667
0 0.660511 0.593750 0.056818 0.083333
1 0.727273 0.960417 0.068182 0.079167
0 0.109375 0.389583 0.068182 0.100000
0 0.839489 0.404167 0.056818 0.083333
0 0.752841 0.735417 0.059659 0.087500
0 0.926136 0.245833 0.079545 0.116667
0 0.663352 0.335417 0.082386 0.120833
0 0.137784 0.589583 0.065341 0.095833
0 0.228693 0.439583 0.068182 0.100000
