0 0.482955 0.266667 0.056818 0.083333
0 0.096591 0.312500 0.071023 0.104167
0 0.313920 0.891667 0.079545 0.116667
0 0.359375 0.629167 0.076705 0.112500
0 0.589489 0.414583 0.073864 0.108333
0 0.275568 0.275000 0.073864 0.108333
0 0.700284 0.802083 0.068182 0.100000
0 0.252841 0.435417 0.062500 0.091667
0 0.802557 0.102083 0.073864 0.108333
1 0.975142 0.575000 0.049716 0.087500
0 0.910511 0.322917 0.059659 0.087500
0 0.943182 0.810417 0.082386 0.120833
1 0.339489 0.037500 0.079545 0.072917
0 0.382102 0.352083 0.065341 0.095833
0 0.075284 0.670833 0.059659 0.087500
0 0.639205 0.266667 0.068182 0.100000
0 0.713068 0.645833 0.073864 0.108333
0 0.855114 0.904167 0.073864 0.108333
0 0.936080 0.200000 0.073864 0.108333
0 0.240057 0.927083 0.073864 0.108333
