1 0.974432 0.956250 0.051136 0.087500
0 0.562500 0.831250 0.076705 0.112500
1 0.021307 0.957292 0.041193 0.085417
0 0.866477 0.579167 0.073864 0.108333
0 0.480114 0.447917 0.068182 0.100000
0 0.190341 0.364583 0.056818 0.083333
0 0.069602 0.785417 0.079545 0.116667
0 0.376420 0.106250 0.071023 0.104167
0 0.494318 0.629167 0.079545 0.116667
0 0.607955 0.391667 0.071023 0.104167
0 0.257102 0.687500 0.059659 0.087500
1 0.430398 0.039583 0.071023 0.077083
0 0.774148 0.787500 0.073864 0.108333
0 0.779830 0.135417 0.068182 0.100000
1 0.511364 0.026042 0.056818 0.050000
0 0.687500 0.539583 0.059659 0.087500
0 0.782670 0.302083 0.073864 0.108333
1 0.119318 0.037500 0.082386 0.072917
0 0.382102 0.922917 0.082386 0.120833
0 0.482955 0.308333 0.068182 0.100000
