0 0.316761 0.506250 0.073864 0.108333
0 0.505682 0.145833 0.079545 0.116667
0 0.035511 0.500000 0.062500 0.091667
0 0.781250 0.120833 0.071023 0.104167
0 0.802557 0.572917 0.056818 0.083333
0 0.813920 0.443750 0.062500 0.091667
0 0.404830 0.185417 0.062500 0.091667
0 0.200284 0.525000 0.071023 0.104167
1 0.980114 0.852083 0.039773 0.104167
0 0.292614 0.822917 0.056818 0.083333
0 0.052557 0.229167 0.073864 0.108333
0 0.482955 0.714583 0.056818 0.083333
1 0.112216 0.052083 0.082386 0.102083
1 0.721591 0.038542 0.073864 0.075000
1 0.619318 0.971875 0.065341 0.056250
1 0.227273 0.044792 0.076705 0.087500
0 0.566761 0.389583 0.062500 0.091667
0 0.382102 0.791667 0.071023 0.104167
0 0.717330 0.266667 0.073864 0.108333
0 0.957386 0.456250 0.062500 0.091667
