0 0.295455 0.929167 0.071023 0.104167
0 0.252841 0.335417 0.065341 0.095833
0 0.660511 0.100000 0.071023 0.104167
1 0.978693 0.300000 0.042614 0.108333
1 0.563920 0.943750 0.082386 0.112500
0 0.822443 0.804167 0.065341 0.095833
0 0.319602 0.710417 0.082386 0.120833
0 0.484375 0.450000 0.056818 0.083333
0 0.455966 0.172917 0.062500 0.091667
0 0.049716 0.472917 0.062500 0.091667
0 0.176136 0.281250 0.071023 0.104167
0 0.237216 0.556250 0.056818 0.083333
0 0.727273 0.389583 0.056818 0.083333
0 0.046875 0.839583 0.056818 0.083333
1 0.026989 0.051042 0.052557 0.100000
0 0.886364 0.754167 0.062500 0.091667
0 0.840909 0.239583 0.056818 0.083333
1 0.017045 0.191667 0.032670 0.087500
0 0.630682 0.491667 0.082386 0.120833
0 0.863636 0.489583 0.056818 0.083333
