0 0.612216 0.679167 0.079545 0.116667
0 0.482955 0.793750 0.071023 0.104167
0 0.732955 0.618750 0.059659 0.087500
1 0.526989 0.047917 0.079545 0.093750
0 0.785511 0.154167 0.059659 0.087500
0 0.431818 0.235417 0.068182 0.100000
0 0.214489 0.845833 0.059659 0.087500
1 0.024858 0.072917 0.048295 0.104167
0 0.965909 0.368750 0.059659 0.087500
0 0.669034 0.504167 0.062500 0.091667
0 0.806818 0.412500 0.079545 0.116667
0 0.657670 0.847917 0.068182 0.100000
1 0.031250 0.537500 0.061080 0.120833
0 0.220170 0.283333 0.076705 0.112500
0 0.440341 0.489583 0.068182 0.100000
0 0.707386 0.239583 0.082386 0.120833
0 0.213068 0.110417 0.062500 0.091667
0 0.333807 0.331250 0.065341 0.095833
0 0.883523 0.895833 0.079545 0.116667
1 0.924716 0.040625 0.071023 0.079167
