0 0.688920 0.158333 0.056818 0.083333
0 0.348011 0.125000 0.082386 0.120833
0 0.198864 0.802083 0.071023 0.104167
0 0.845170 0.937500 0.073864 0.108333
0 0.200284 0.066667 0.082386 0.120833
0 0.883523 0.216667 0.062500 0.091667
0 0.336648 0.520833 0.056818 0.083333
0 0.650568 0.593750 0.068182 0.100000
0 0.934659 0.464583 0.062500 0.091667
0 0.204545 0.281250 0.056818 0.083333
1 0.708807 0.036458 0.068182 0.070833
0 0.863636 0.416667 0.056818 0.083333
0 0.150568 0.687500 0.073864 0.108333
0 0.095170 0.254167 0.079545 0.116667
1 0.019176 0.768750 0.036932 0.100000
0 0.416193 0.850000 0.068182 0.100000
1 0.340909 0.958333 0.065341 0.083333
0 0.534091 0.710417 0.068182 0.100000
0 0.286932 0.800000 0.068182 0.100000
0 0.862216 0.620833 0.068182 0.100000
