1 0.031960 0.843750 0.062500 0.108333
0 0.639205 0.645833 0.082386 0.120833
0 0.931818 0.595833 0.056818 0.083333
0 0.806818 0.281250 0.056818 0.083333
0 0.786932 0.631250 0.082386 0.120833
0 0.169034 0.237500 0.079545 0.116667
0 0.122159 0.627083 0.056818 0.083333
0 0.461648 0.264583 0.065341 0.095833
0 0.798295 0.739583 0.065341 0.095833
1 0.772727 0.037500 0.076705 0.072917
0 0.046875 0.314583 0.062500 0.091667
0 0.215909 0.750000 0.076705 0.112500
1 0.144886 0.960417 0.056818 0.079167
1 0.984375 0.337500 0.031250 0.083333
0 0.129261 0.518750 0.062500 0.091667
0 0.275568 0.335417 0.062500 0.091667
1 0.950284 0.950000 0.073864 0.100000
0 0.302557 0.160417 0.056818 0.083333
0 0.548295 0.314583 0.056818 0.083333
0 0.389205 0.639583 0.079545 0.116667
