0 0.193182 0.372917 0.073864 0.108333
0 0.349432 0.208333 0.056818 0.083333
0 0.488636 0.058333 0.073864 0.108333
0 0.164773 0.097917 0.062500 0.091667
1 0.757102 0.056250 0.082386 0.110417
0 0.464489 0.410417 0.071023 0.104167
0 0.845170 0.347917 0.059659 0.087500
0 0.444602 0.647917 0.059659 0.087500
0 0.090909 0.833333 0.068182 0.100000
0 0.521307 0.322917 0.062500 0.091667
0 0.923295 0.887500 0.071023 0.104167
1 0.873580 0.967708 0.073864 0.064583
0 0.889205 0.112500 0.079545 0.116667
0 0.041193 0.460417 0.062500 0.091667
0 0.313920 0.112500 0.056818 0.083333
0 0.426136 0.135417 0.065341 0.095833
0 0.407670 0.287500 0.073864 0.108333
0 0.610795 0.072917 0.056818 0.083333
0 0.957386 0.318750 0.065341 0.095833
0 0.049716 0.652083 0.071023 0.104167
