1 0.447443 0.028125 0.056818 0.054167
0 0.463068 0.345833 0.073864 0.108333
0 0.823864 0.077083 0.068182 0.100000
0 0.157670 0.245833 0.056818 0.083333
0 0.369318 0.739583 0.065341 0.095833
0 0.313920 0.283333 0.071023 0.104167
0 0.036932 0.418750 0.059659 0.087500
1 0.959517 0.260417 0.080966 0.120833
1 0.401989 0.958333 0.071023 0.083333
0 0.083807 0.254167 0.073864 0.108333
1 0.561080 0.950000 0.068182 0.100000
0 0.424716 0.802083 0.071023 0.104167
0 0.562500 0.445833 0.062500 0.091667
0 0.630682 0.554167 0.059659 0.087500
1 0.978693 0.839583 0.042614 0.091667
0 0.848011 0.404167 0.065341 0.095833
0 0.427557 0.643750 0.062500 0.091667
1 0.623580 0.037500 0.082386 0.072917
1 0.711648 0.957292 0.071023 0.085417
0 0.657670 0.302083 0.065341 0.095833
