0 0.724432 0.912500 0.079545 0.116667
0 0.876420 0.110417 0.062500 0.091667
0 0.731534 0.216667 0.082386 0.120833
0 0.198864 0.675000 0.076705 0.112500
0 0.434659 0.797917 0.059659 0.087500
0 0.448864 0.458333 0.062500 0.091667
0 0.079545 0.147917 0.056818 0.083333
0 0.492898 0.327083 0.076705 0.112500
1 0.962358 0.057292 0.075284 0.112500
0 0.805398 0.897917 0.073864 0.108333
0 0.205966 0.781250 0.068182 0.100000
1 0.458807 0.948958 0.076705 0.102083
0 0.923295 0.866667 0.073864 0.108333
0 0.680398 0.385417 0.079545 0.116667
1 0.177557 0.035417 0.056818 0.068750
0 0.943182 0.502083 0.073864 0.108333
0 0.102273 0.893750 0.073864 0.108333
0 0.321023 0.656250 0.076705 0.112500
1 0.607955 0.966667 0.059659 0.066667
1 0.030540 0.720833 0.059659 0.095833
