0 0.778409 0.325000 0.068182 0.100000
0 0.454545 0.700000 0.056818 0.083333
0 0.491477 0.420833 0.059659 0.087500
1 0.964489 0.656250 0.071023 0.116667
0 0.578125 0.562500 0.076705 0.112500
0 0.355114 0.047917 0.062500 0.091667
0 0.257102 0.437500 0.065341 0.095833
0 0.370739 0.293750 0.065341 0.095833
0 0.245739 0.754167 0.071023 0.104167
1 0.024148 0.368750 0.046875 0.087500
0 0.272727 0.627083 0.076705 0.112500
0 0.058239 0.514583 0.059659 0.087500
1 0.021307 0.164583 0.041193 0.120833
1 0.102273 0.948958 0.076705 0.102083
0 0.919034 0.852083 0.065341 0.095833
0 0.369318 0.431250 0.073864 0.108333
0 0.765625 0.164583 0.056818 0.083333
0 0.931818 0.475000 0.059659 0.087500
0 0.862216 0.212500 0.076705 0.112500
0 0.833807 0.777083 0.068182 0.100000
