0 0.755682 0.656250 0.062500 0.091667
0 0.705966 0.866667 0.059659 0.087500
1 0.457386 0.030208 0.076705 0.058333
0 0.838068 0.410417 0.065341 0.095833
1 0.112216 0.035417 0.068182 0.068750
0 0.860795 0.693750 0.059659 0.087500
0 0.414773 0.552083 0.076705 0.112500
1 0.028409 0.293750 0.055398 0.087500
0 0.237216 0.802083 0.079545 0.116667
1 0.482955 0.969792 0.068182 0.060417
0 0.355114 0.462500 0.076705 0.112500
0 0.112216 0.458333 0.062500 0.091667
1 0.961648 0.837500 0.076705 0.112500
0 0.244318 0.304167 0.073864 0.108333
1 0.030540 0.193750 0.059659 0.104167
1 0.245739 0.957292 0.071023 0.085417
0 0.286932 0.118750 0.073864 0.108333
0 0.582386 0.741667 0.059659 0.087500
0 0.416193 0.872917 0.082386 0.120833
0 0.376420 0.237500 0.071023 0.104167
