1 0.505682 0.977083 0.059659 0.045833
0 0.383523 0.422917 0.062500 0.091667
0 0.106534 0.229167 0.056818 0.083333
0 0.126420 0.445833 0.056818 0.083333
0 0.235795 0.695833 0.065341 0.095833
0 0.223011 0.787500 0.056818 0.083333
0 0.275568 0.150000 0.065341 0.095833
0 0.792614 0.800000 0.062500 0.091667
0 0.383523 0.285417 0.062500 0.091667
0 0.765625 0.229167 0.065341 0.095833
0 0.674716 0.314583 0.065341 0.095833
1 0.977273 0.243750 0.045455 0.116667
0 0.120739 0.700000 0.068182 0.100000
0 0.642045 0.125000 0.073864 0.108333
0 0.901989 0.697917 0.073864 0.108333
0 0.659091 0.602083 0.056818 0.083333
0 0.917614 0.408333 0.059659 0.087500
0 0.848011 0.535417 0.065341 0.095833
0 0.642045 0.795833 0.056818 0.083333
0 0.676136 0.450000 0.082386 0.120833
